0.000000000000000000e+00 -9.417914895972039346e-01 5.000000000000000278e-02
1.001001001001000992e-02 -9.129378536618684148e-01 5.000000000000000278e-02
2.002002002002001985e-02 -1.119373636040781328e+00 5.000000000000000278e-02
3.003003003003002977e-02 -1.022990888722812075e+00 5.000000000000000278e-02
4.004004004004003969e-02 -1.119078809325285695e+00 5.000000000000000278e-02
5.005005005005004615e-02 -1.125769497872855629e+00 5.000000000000000278e-02
6.006006006006005954e-02 -9.422853559085848651e-01 5.000000000000000278e-02
7.007007007007007293e-02 -1.032243739771674385e+00 5.000000000000000278e-02
8.008008008008007939e-02 -9.677390398256312531e-01 5.000000000000000278e-02
9.009009009009008584e-02 -1.049666361922159119e+00 5.000000000000000278e-02
1.001001001001000923e-01 -1.002993555225022426e+00 5.000000000000000278e-02
1.101101101101101126e-01 -1.040934846889169041e+00 5.000000000000000278e-02
1.201201201201201191e-01 -1.033140768677834886e+00 5.000000000000000278e-02
1.301301301301301394e-01 -9.932786755602016626e-01 5.000000000000000278e-02
1.401401401401401459e-01 -9.644115002264568304e-01 5.000000000000000278e-02
1.501501501501501523e-01 -8.732001144485791455e-01 5.000000000000000278e-02
1.601601601601601588e-01 -9.367287885910212664e-01 5.000000000000000278e-02
1.701701701701701652e-01 -8.831490680505822422e-01 5.000000000000000278e-02
1.801801801801801717e-01 -8.887176219173938962e-01 5.000000000000000278e-02
1.901901901901901781e-01 -8.410849935697475299e-01 5.000000000000000278e-02
2.002002002002001846e-01 -8.853233290046935711e-01 5.000000000000000278e-02
2.102102102102102188e-01 -7.358610228259897523e-01 5.000000000000000278e-02
2.202202202202202252e-01 -7.866262812751241285e-01 5.000000000000000278e-02
2.302302302302302317e-01 -7.283875825662237125e-01 5.000000000000000278e-02
2.402402402402402382e-01 -7.110293472656658009e-01 5.000000000000000278e-02
2.502502502502502724e-01 -6.211610062789908460e-01 5.000000000000000278e-02
2.602602602602602788e-01 -6.148274087938599974e-01 5.000000000000000278e-02
2.702702702702702853e-01 -6.114464545834942255e-01 5.000000000000000278e-02
2.802802802802802917e-01 -5.754129007630784942e-01 5.000000000000000278e-02
2.902902902902902982e-01 -5.401410611057616551e-01 5.000000000000000278e-02
3.003003003003003046e-01 -4.939088478038677898e-01 5.000000000000000278e-02
3.103103103103103111e-01 -4.822608285961932362e-01 5.000000000000000278e-02
3.203203203203203175e-01 -4.208329471985635117e-01 5.000000000000000278e-02
3.303303303303303240e-01 -3.834161483552678273e-01 5.000000000000000278e-02
3.403403403403403304e-01 -4.147518057994393770e-01 5.000000000000000278e-02
3.503503503503503369e-01 -4.947447107134533839e-01 5.000000000000000278e-02
3.603603603603603434e-01 -3.264690134841823355e-01 5.000000000000000278e-02
3.703703703703703498e-01 -2.937990503864735259e-01 5.000000000000000278e-02
3.803803803803803563e-01 -4.091834612650963043e-01 5.000000000000000278e-02
3.903903903903903627e-01 -4.036596143930176739e-01 5.000000000000000278e-02
4.004004004004003692e-01 -4.802116590417633835e-01 5.000000000000000278e-02
4.104104104104104311e-01 -3.349495882822485227e-01 5.000000000000000278e-02
4.204204204204204376e-01 -4.232820254819273931e-01 5.000000000000000278e-02
4.304304304304304440e-01 -2.827025686371167912e-01 5.000000000000000278e-02
4.404404404404404505e-01 -5.015996898235275392e-01 5.000000000000000278e-02
4.504504504504504570e-01 -3.798924832467444057e-01 5.000000000000000278e-02
4.604604604604604634e-01 -3.577147761253857139e-01 5.000000000000000278e-02
4.704704704704704699e-01 -4.215464589816236285e-01 5.000000000000000278e-02
4.804804804804804763e-01 -4.531701854194102874e-01 5.000000000000000278e-02
4.904904904904904828e-01 -4.147649854821194304e-01 5.000000000000000278e-02
5.005005005005005447e-01 -4.691820487188705369e-01 5.000000000000000278e-02
5.105105105105105512e-01 -4.771605549488920905e-01 5.000000000000000278e-02
5.205205205205205576e-01 -4.806446609425512606e-01 5.000000000000000278e-02
5.305305305305305641e-01 -5.265604976606307330e-01 5.000000000000000278e-02
5.405405405405405705e-01 -5.313072250135655317e-01 5.000000000000000278e-02
5.505505505505505770e-01 -5.028163045614963966e-01 5.000000000000000278e-02
5.605605605605605835e-01 -5.848484684460594218e-01 5.000000000000000278e-02
5.705705705705705899e-01 -5.808665193613395950e-01 5.000000000000000278e-02
5.805805805805805964e-01 -6.513909856382261720e-01 5.000000000000000278e-02
5.905905905905906028e-01 -5.927947476134642901e-01 5.000000000000000278e-02
6.006006006006006093e-01 -7.279293440383272085e-01 5.000000000000000278e-02
6.106106106106106157e-01 -6.409934492159972130e-01 5.000000000000000278e-02
6.206206206206206222e-01 -8.653767560096643496e-01 5.000000000000000278e-02
6.306306306306306286e-01 -7.846264879063604702e-01 5.000000000000000278e-02
6.406406406406406351e-01 -8.433060843976105669e-01 5.000000000000000278e-02
6.506506506506506415e-01 -7.374569820132985676e-01 5.000000000000000278e-02
6.606606606606606480e-01 -7.985163903227249227e-01 5.000000000000000278e-02
6.706706706706706544e-01 -9.007125394732129475e-01 5.000000000000000278e-02
6.806806806806806609e-01 -8.862750220137168844e-01 5.000000000000000278e-02
6.906906906906906674e-01 -8.123226920469499568e-01 5.000000000000000278e-02
7.007007007007006738e-01 -9.032694141785650999e-01 5.000000000000000278e-02
7.107107107107106803e-01 -8.921476639024227273e-01 5.000000000000000278e-02
7.207207207207206867e-01 -1.014540414021440906e+00 5.000000000000000278e-02
7.307307307307306932e-01 -1.032226397360096248e+00 5.000000000000000278e-02
7.407407407407406996e-01 -9.452075490957887460e-01 5.000000000000000278e-02
7.507507507507507061e-01 -8.741875828189751285e-01 5.000000000000000278e-02
7.607607607607607125e-01 -1.031126979018238021e+00 5.000000000000000278e-02
7.707707707707707190e-01 -9.881554007926471872e-01 5.000000000000000278e-02
7.807807807807807254e-01 -1.077454966551969706e+00 5.000000000000000278e-02
7.907907907907907319e-01 -9.791242849149033312e-01 5.000000000000000278e-02
8.008008008008007383e-01 -1.074892647689122960e+00 5.000000000000000278e-02
8.108108108108108558e-01 -1.083439075366511739e+00 5.000000000000000278e-02
8.208208208208208623e-01 -1.164901184883573748e+00 5.000000000000000278e-02
8.308308308308308687e-01 -1.098830261658543694e+00 5.000000000000000278e-02
8.408408408408408752e-01 -1.075748301611440860e+00 5.000000000000000278e-02
8.508508508508508816e-01 -1.022405682683921846e+00 5.000000000000000278e-02
8.608608608608608881e-01 -1.155649878171115974e+00 5.000000000000000278e-02
8.708708708708708945e-01 -1.052894607600427745e+00 5.000000000000000278e-02
8.808808808808809010e-01 -1.123632244619322540e+00 5.000000000000000278e-02
8.908908908908909074e-01 -1.124983631334252054e+00 5.000000000000000278e-02
9.009009009009009139e-01 -1.161741908563082237e+00 5.000000000000000278e-02
9.109109109109109204e-01 -1.202891883754301672e+00 5.000000000000000278e-02
9.209209209209209268e-01 -1.181776318720623387e+00 5.000000000000000278e-02
9.309309309309309333e-01 -1.042933585822022113e+00 5.000000000000000278e-02
9.409409409409409397e-01 -1.186818609056190743e+00 5.000000000000000278e-02
9.509509509509509462e-01 -1.152044671535333853e+00 5.000000000000000278e-02
9.609609609609609526e-01 -1.078014081342987929e+00 5.000000000000000278e-02
9.709709709709709591e-01 -1.242078885714257952e+00 5.000000000000000278e-02
9.809809809809809655e-01 -1.117414755292361894e+00 5.000000000000000278e-02
9.909909909909909720e-01 -1.168568386330761655e+00 5.000000000000000278e-02
1.001001001001001089e+00 -1.137149975773907862e+00 5.000000000000000278e-02
1.011011011011011096e+00 -1.106826211046920250e+00 5.000000000000000278e-02
1.021021021021021102e+00 -1.161511598691850278e+00 5.000000000000000278e-02
1.031031031031031109e+00 -1.167693418879946599e+00 5.000000000000000278e-02
1.041041041041041115e+00 -1.125647112323685528e+00 5.000000000000000278e-02
1.051051051051051122e+00 -1.134291619121893691e+00 5.000000000000000278e-02
1.061061061061061128e+00 -1.206500250503994121e+00 5.000000000000000278e-02
1.071071071071071135e+00 -1.184310103167142580e+00 5.000000000000000278e-02
1.081081081081081141e+00 -1.246527328591227946e+00 5.000000000000000278e-02
1.091091091091091148e+00 -1.119090190633918347e+00 5.000000000000000278e-02
1.101101101101101154e+00 -1.248433667224524424e+00 5.000000000000000278e-02
1.111111111111111160e+00 -1.182578636953926399e+00 5.000000000000000278e-02
1.121121121121121167e+00 -1.108303237468103664e+00 5.000000000000000278e-02
1.131131131131131173e+00 -1.158590980533849235e+00 5.000000000000000278e-02
1.141141141141141180e+00 -1.216178901564443970e+00 5.000000000000000278e-02
1.151151151151151186e+00 -1.240225307109929620e+00 5.000000000000000278e-02
1.161161161161161193e+00 -1.236593290511357024e+00 5.000000000000000278e-02
1.171171171171171199e+00 -1.159888059075760314e+00 5.000000000000000278e-02
1.181181181181181206e+00 -1.188430868476380242e+00 5.000000000000000278e-02
1.191191191191191212e+00 -1.204222556391906007e+00 5.000000000000000278e-02
1.201201201201201219e+00 -1.071023634189396390e+00 5.000000000000000278e-02
1.211211211211211225e+00 -1.239092382380118762e+00 5.000000000000000278e-02
1.221221221221221231e+00 -1.216489178212337485e+00 5.000000000000000278e-02
1.231231231231231238e+00 -1.203866267773712195e+00 5.000000000000000278e-02
1.241241241241241244e+00 -1.165695216745537222e+00 5.000000000000000278e-02
1.251251251251251251e+00 -1.150779604538473277e+00 5.000000000000000278e-02
1.261261261261261257e+00 -1.167729164446395851e+00 5.000000000000000278e-02
1.271271271271271264e+00 -1.103175155741790370e+00 5.000000000000000278e-02
1.281281281281281270e+00 -1.096959923309190899e+00 5.000000000000000278e-02
1.291291291291291277e+00 -1.120955067860911925e+00 5.000000000000000278e-02
1.301301301301301283e+00 -1.208327646175245906e+00 5.000000000000000278e-02
1.311311311311311290e+00 -1.023787959519415702e+00 5.000000000000000278e-02
1.321321321321321296e+00 -1.086424809853967277e+00 5.000000000000000278e-02
1.331331331331331302e+00 -1.044975923636896953e+00 5.000000000000000278e-02
1.341341341341341309e+00 -9.907619367075640726e-01 5.000000000000000278e-02
1.351351351351351315e+00 -1.014517202451880262e+00 5.000000000000000278e-02
1.361361361361361322e+00 -9.600707191014974384e-01 5.000000000000000278e-02
1.371371371371371328e+00 -8.814967794074572982e-01 5.000000000000000278e-02
1.381381381381381335e+00 -8.652925118458646425e-01 5.000000000000000278e-02
1.391391391391391341e+00 -7.935225830040198991e-01 5.000000000000000278e-02
1.401401401401401348e+00 -8.118664207399232113e-01 5.000000000000000278e-02
1.411411411411411354e+00 -7.385575635242714876e-01 5.000000000000000278e-02
1.421421421421421361e+00 -7.365398779470915258e-01 5.000000000000000278e-02
1.431431431431431367e+00 -6.530590806032400275e-01 5.000000000000000278e-02
1.441441441441441373e+00 -5.786688960276780147e-01 5.000000000000000278e-02
1.451451451451451380e+00 -5.587281946571627245e-01 5.000000000000000278e-02
1.461461461461461386e+00 -5.708772247022015911e-01 5.000000000000000278e-02
1.471471471471471393e+00 -4.611680309476106632e-01 5.000000000000000278e-02
1.481481481481481399e+00 -3.965565230737262969e-01 5.000000000000000278e-02
1.491491491491491406e+00 -2.997055786822923618e-01 5.000000000000000278e-02
1.501501501501501412e+00 -3.110848120688716745e-01 5.000000000000000278e-02
1.511511511511511419e+00 -2.828980922210191373e-01 5.000000000000000278e-02
1.521521521521521425e+00 -2.750755658069204967e-01 5.000000000000000278e-02
1.531531531531531432e+00 -7.229866669666844270e-02 5.000000000000000278e-02
1.541541541541541438e+00 -1.759619128587246450e-01 5.000000000000000278e-02
1.551551551551551444e+00 -1.431435691433973201e-01 5.000000000000000278e-02
1.561561561561561451e+00 -5.434896131917375112e-02 5.000000000000000278e-02
1.571571571571571457e+00 -1.000485063193306962e-01 5.000000000000000278e-02
1.581581581581581464e+00 8.040627759880486503e-02 5.000000000000000278e-02
1.591591591591591470e+00 6.907519908370932105e-02 5.000000000000000278e-02
1.601601601601601477e+00 1.149946567669891256e-01 5.000000000000000278e-02
1.611611611611611705e+00 6.939818737845852847e-02 5.000000000000000278e-02
1.621621621621621712e+00 1.178107497352041538e-01 5.000000000000000278e-02
1.631631631631631718e+00 2.079319267498028756e-01 5.000000000000000278e-02
1.641641641641641725e+00 2.289555241060367008e-01 5.000000000000000278e-02
1.651651651651651731e+00 3.409829469506272526e-01 5.000000000000000278e-02
1.661661661661661737e+00 2.663081767039763847e-01 5.000000000000000278e-02
1.671671671671671744e+00 1.255869029566320239e-01 5.000000000000000278e-02
1.681681681681681750e+00 2.300548192193562214e-01 5.000000000000000278e-02
1.691691691691691757e+00 2.096440532544582014e-01 5.000000000000000278e-02
1.701701701701701763e+00 2.812964439669154437e-01 5.000000000000000278e-02
1.711711711711711770e+00 2.176275539204336196e-01 5.000000000000000278e-02
1.721721721721721776e+00 2.388968613324550239e-01 5.000000000000000278e-02
1.731731731731731783e+00 1.876908175933876544e-01 5.000000000000000278e-02
1.741741741741741789e+00 2.203301886388525088e-01 5.000000000000000278e-02
1.751751751751751796e+00 2.463070221258085168e-01 5.000000000000000278e-02
1.761761761761761802e+00 1.231775448919535110e-01 5.000000000000000278e-02
1.771771771771771808e+00 2.997717038319522298e-02 5.000000000000000278e-02
1.781781781781781815e+00 5.577290381494144633e-02 5.000000000000000278e-02
1.791791791791791821e+00 1.589916036589064108e-01 5.000000000000000278e-02
1.801801801801801828e+00 6.337086882871717508e-02 5.000000000000000278e-02
1.811811811811811834e+00 7.065675882459689083e-03 5.000000000000000278e-02
1.821821821821821841e+00 -5.839913376843147708e-02 5.000000000000000278e-02
1.831831831831831847e+00 8.772600987397335959e-03 5.000000000000000278e-02
1.841841841841841854e+00 -6.398340221864315391e-02 5.000000000000000278e-02
1.851851851851851860e+00 -1.196866352562832025e-01 5.000000000000000278e-02
1.861861861861861867e+00 -1.775731999065532085e-01 5.000000000000000278e-02
1.871871871871871873e+00 -1.952980432652003384e-01 5.000000000000000278e-02
1.881881881881881879e+00 -2.409103604233244766e-01 5.000000000000000278e-02
1.891891891891891886e+00 -2.338629589663199226e-01 5.000000000000000278e-02
1.901901901901901892e+00 -2.363406295237620025e-01 5.000000000000000278e-02
1.911911911911911899e+00 -4.353183292199470089e-01 5.000000000000000278e-02
1.921921921921921905e+00 -4.469569376838234409e-01 5.000000000000000278e-02
1.931931931931931912e+00 -4.156697946925764220e-01 5.000000000000000278e-02
1.941941941941941918e+00 -4.425812254284810510e-01 5.000000000000000278e-02
1.951951951951951925e+00 -5.591186799334301183e-01 5.000000000000000278e-02
1.961961961961961931e+00 -5.466307568918571391e-01 5.000000000000000278e-02
1.971971971971971938e+00 -5.686609271315915537e-01 5.000000000000000278e-02
1.981981981981981944e+00 -6.025660131786747531e-01 5.000000000000000278e-02
1.991991991991991950e+00 -6.341867708566957251e-01 5.000000000000000278e-02
2.002002002002002179e+00 -6.445875925513675497e-01 5.000000000000000278e-02
2.012012012012012185e+00 -6.240047291227230897e-01 5.000000000000000278e-02
2.022022022022022192e+00 -6.577305742485245466e-01 5.000000000000000278e-02
2.032032032032032198e+00 -6.902148483654001465e-01 5.000000000000000278e-02
2.042042042042042205e+00 -7.297535711552740612e-01 5.000000000000000278e-02
2.052052052052052211e+00 -8.015538427670700905e-01 5.000000000000000278e-02
2.062062062062062218e+00 -8.106930316432220396e-01 5.000000000000000278e-02
2.072072072072072224e+00 -7.712179369424572162e-01 5.000000000000000278e-02
2.082082082082082231e+00 -8.180828225704579459e-01 5.000000000000000278e-02
2.092092092092092237e+00 -8.004145253223069467e-01 5.000000000000000278e-02
2.102102102102102243e+00 -8.423745450684730907e-01 5.000000000000000278e-02
2.112112112112112250e+00 -8.665769559707450220e-01 5.000000000000000278e-02
2.122122122122122256e+00 -8.603320443041485577e-01 5.000000000000000278e-02
2.132132132132132263e+00 -9.710010593786813082e-01 5.000000000000000278e-02
2.142142142142142269e+00 -9.124882711971262772e-01 5.000000000000000278e-02
2.152152152152152276e+00 -9.434114456891687928e-01 5.000000000000000278e-02
2.162162162162162282e+00 -8.802554068606445181e-01 5.000000000000000278e-02
2.172172172172172289e+00 -9.637224971352592595e-01 5.000000000000000278e-02
2.182182182182182295e+00 -9.253046679863793367e-01 5.000000000000000278e-02
2.192192192192192302e+00 -9.645025346271556277e-01 5.000000000000000278e-02
2.202202202202202308e+00 -9.245998083500137632e-01 5.000000000000000278e-02
2.212212212212212314e+00 -9.170918867434927346e-01 5.000000000000000278e-02
2.222222222222222321e+00 -9.675168998931874542e-01 5.000000000000000278e-02
2.232232232232232327e+00 -9.553013751080504656e-01 5.000000000000000278e-02
2.242242242242242334e+00 -9.546600296764343740e-01 5.000000000000000278e-02
2.252252252252252340e+00 -9.271524285849440661e-01 5.000000000000000278e-02
2.262262262262262347e+00 -9.841984345909555731e-01 5.000000000000000278e-02
2.272272272272272353e+00 -9.673084676452490260e-01 5.000000000000000278e-02
2.282282282282282360e+00 -9.916505626771459081e-01 5.000000000000000278e-02
2.292292292292292366e+00 -1.018908239632291934e+00 5.000000000000000278e-02
2.302302302302302373e+00 -9.621873803464875419e-01 5.000000000000000278e-02
2.312312312312312379e+00 -9.492528752189521857e-01 5.000000000000000278e-02
2.322322322322322385e+00 -1.010095237943201996e+00 5.000000000000000278e-02
2.332332332332332392e+00 -8.893394374013260384e-01 5.000000000000000278e-02
2.342342342342342398e+00 -1.003423610500201235e+00 5.000000000000000278e-02
2.352352352352352405e+00 -9.259536437721016533e-01 5.000000000000000278e-02
2.362362362362362411e+00 -9.410872621933081827e-01 5.000000000000000278e-02
2.372372372372372418e+00 -1.040932204236653558e+00 5.000000000000000278e-02
2.382382382382382424e+00 -9.519682226937524749e-01 5.000000000000000278e-02
2.392392392392392431e+00 -1.023518073521930472e+00 5.000000000000000278e-02
2.402402402402402437e+00 -9.433242893918739602e-01 5.000000000000000278e-02
2.412412412412412444e+00 -8.963407485639819372e-01 5.000000000000000278e-02
2.422422422422422450e+00 -8.287980447315826948e-01 5.000000000000000278e-02
2.432432432432432456e+00 -8.718482255173645168e-01 5.000000000000000278e-02
2.442442442442442463e+00 -9.761618758241570326e-01 5.000000000000000278e-02
2.452452452452452469e+00 -9.047836323403062320e-01 5.000000000000000278e-02
2.462462462462462476e+00 -7.981336427872482986e-01 5.000000000000000278e-02
2.472472472472472482e+00 -8.488768586056941734e-01 5.000000000000000278e-02
2.482482482482482489e+00 -7.527271002889990292e-01 5.000000000000000278e-02
2.492492492492492495e+00 -8.591597322620142529e-01 5.000000000000000278e-02
2.502502502502502502e+00 -8.309858802093070818e-01 5.000000000000000278e-02
2.512512512512512508e+00 -8.493281130036847149e-01 5.000000000000000278e-02
2.522522522522522515e+00 -7.780777662520003135e-01 5.000000000000000278e-02
2.532532532532532521e+00 -6.715032507171692089e-01 5.000000000000000278e-02
2.542542542542542527e+00 -7.548779880002826070e-01 5.000000000000000278e-02
2.552552552552552534e+00 -6.390529698842307704e-01 5.000000000000000278e-02
2.562562562562562540e+00 -6.288086317012807624e-01 5.000000000000000278e-02
2.572572572572572547e+00 -5.817739164151348730e-01 5.000000000000000278e-02
2.582582582582582553e+00 -6.022675714409307934e-01 5.000000000000000278e-02
2.592592592592592560e+00 -5.548514393176960935e-01 5.000000000000000278e-02
2.602602602602602566e+00 -4.144666820157065223e-01 5.000000000000000278e-02
2.612612612612612573e+00 -5.481891479180768245e-01 5.000000000000000278e-02
2.622622622622622579e+00 -4.108461336641904271e-01 5.000000000000000278e-02
2.632632632632632586e+00 -3.349406423560264412e-01 5.000000000000000278e-02
2.642642642642642592e+00 -3.493561537426821961e-01 5.000000000000000278e-02
2.652652652652652598e+00 -2.501524560159250621e-01 5.000000000000000278e-02
2.662662662662662605e+00 -4.415357345501018660e-01 5.000000000000000278e-02
2.672672672672672611e+00 -2.679577843212552768e-01 5.000000000000000278e-02
2.682682682682682618e+00 -2.705556359939840783e-01 5.000000000000000278e-02
2.692692692692692624e+00 -1.920297637535227087e-01 5.000000000000000278e-02
2.702702702702702631e+00 -1.356783881356719013e-01 5.000000000000000278e-02
2.712712712712712637e+00 -6.539809882258088014e-02 5.000000000000000278e-02
2.722722722722722644e+00 -9.188540187661020653e-02 5.000000000000000278e-02
2.732732732732732650e+00 3.468463368249639217e-02 5.000000000000000278e-02
2.742742742742742657e+00 -4.848893509667202839e-02 5.000000000000000278e-02
2.752752752752752663e+00 1.171015951774287689e-01 5.000000000000000278e-02
2.762762762762762669e+00 9.407703867657550567e-02 5.000000000000000278e-02
2.772772772772772676e+00 5.449358177941993064e-02 5.000000000000000278e-02
2.782782782782782682e+00 8.983657066638001121e-02 5.000000000000000278e-02
2.792792792792792689e+00 1.230661616104678641e-01 5.000000000000000278e-02
2.802802802802802695e+00 1.957790416309135584e-01 5.000000000000000278e-02
2.812812812812812702e+00 2.826553252602643229e-01 5.000000000000000278e-02
2.822822822822822708e+00 3.725009207490837526e-01 5.000000000000000278e-02
2.832832832832832715e+00 3.737038273489238227e-01 5.000000000000000278e-02
2.842842842842842721e+00 2.937425160410492841e-01 5.000000000000000278e-02
2.852852852852852727e+00 2.695301898968864296e-01 5.000000000000000278e-02
2.862862862862862734e+00 3.919058747834329726e-01 5.000000000000000278e-02
2.872872872872872740e+00 3.559850548643437862e-01 5.000000000000000278e-02
2.882882882882882747e+00 4.369157736190677488e-01 5.000000000000000278e-02
2.892892892892892753e+00 4.277626889840289159e-01 5.000000000000000278e-02
2.902902902902902760e+00 6.051842813856213033e-01 5.000000000000000278e-02
2.912912912912912766e+00 4.026718758343091897e-01 5.000000000000000278e-02
2.922922922922922773e+00 5.150519081806659294e-01 5.000000000000000278e-02
2.932932932932932779e+00 6.006743759300248175e-01 5.000000000000000278e-02
2.942942942942942786e+00 4.936979558402038726e-01 5.000000000000000278e-02
2.952952952952952792e+00 4.796935388732269656e-01 5.000000000000000278e-02
2.962962962962962798e+00 6.057777042335736883e-01 5.000000000000000278e-02
2.972972972972972805e+00 4.164892008971689541e-01 5.000000000000000278e-02
2.982982982982982811e+00 4.360509890483340034e-01 5.000000000000000278e-02
2.992992992992992818e+00 4.581144879116600399e-01 5.000000000000000278e-02
3.003003003003002824e+00 5.357706629549288113e-01 5.000000000000000278e-02
3.013013013013012831e+00 5.492604741410112013e-01 5.000000000000000278e-02
3.023023023023022837e+00 4.974379033102180880e-01 5.000000000000000278e-02
3.033033033033032844e+00 6.053038414513295384e-01 5.000000000000000278e-02
3.043043043043042850e+00 4.764071011198297012e-01 5.000000000000000278e-02
3.053053053053052857e+00 4.762951765901418111e-01 5.000000000000000278e-02
3.063063063063062863e+00 4.496883074252115420e-01 5.000000000000000278e-02
3.073073073073072869e+00 5.145162957084501443e-01 5.000000000000000278e-02
3.083083083083082876e+00 4.402759930024644497e-01 5.000000000000000278e-02
3.093093093093092882e+00 4.059644577493325968e-01 5.000000000000000278e-02
3.103103103103102889e+00 4.957849386388719082e-01 5.000000000000000278e-02
3.113113113113112895e+00 4.606798718327136943e-01 5.000000000000000278e-02
3.123123123123122902e+00 4.304830361745370926e-01 5.000000000000000278e-02
3.133133133133132908e+00 2.997302438887536336e-01 5.000000000000000278e-02
3.143143143143142915e+00 2.925690649196390769e-01 5.000000000000000278e-02
3.153153153153152921e+00 3.169551256154420349e-01 5.000000000000000278e-02
3.163163163163162928e+00 2.983038416536339388e-01 5.000000000000000278e-02
3.173173173173172934e+00 2.716516235970231619e-01 5.000000000000000278e-02
3.183183183183182940e+00 2.636828502900548932e-01 5.000000000000000278e-02
3.193193193193192947e+00 2.889221114543788493e-01 5.000000000000000278e-02
3.203203203203202953e+00 1.865074178271860506e-01 5.000000000000000278e-02
3.213213213213213404e+00 2.307982816187404140e-01 5.000000000000000278e-02
3.223223223223223410e+00 1.792372652776495490e-01 5.000000000000000278e-02
3.233233233233233417e+00 1.555490169353896390e-01 5.000000000000000278e-02
3.243243243243243423e+00 1.460964205175423192e-01 5.000000000000000278e-02
3.253253253253253430e+00 1.779545283340844275e-01 5.000000000000000278e-02
3.263263263263263436e+00 1.351657656353601467e-01 5.000000000000000278e-02
3.273273273273273443e+00 6.182134983086935709e-02 5.000000000000000278e-02
3.283283283283283449e+00 9.815999580520842760e-02 5.000000000000000278e-02
3.293293293293293456e+00 6.848517153607817931e-02 5.000000000000000278e-02
3.303303303303303462e+00 6.259912164394570988e-02 5.000000000000000278e-02
3.313313313313313468e+00 8.577624480237380084e-03 5.000000000000000278e-02
3.323323323323323475e+00 5.206304981227873052e-02 5.000000000000000278e-02
3.333333333333333481e+00 1.113595007647343038e-03 5.000000000000000278e-02
3.343343343343343488e+00 -9.563034571613200641e-02 5.000000000000000278e-02
3.353353353353353494e+00 -1.226655432268295709e-01 5.000000000000000278e-02
3.363363363363363501e+00 -1.489653458302274691e-01 5.000000000000000278e-02
3.373373373373373507e+00 -7.803637228381436752e-02 5.000000000000000278e-02
3.383383383383383514e+00 -1.527364699631904021e-01 5.000000000000000278e-02
3.393393393393393520e+00 -1.553031752785835051e-01 5.000000000000000278e-02
3.403403403403403527e+00 -1.608407390622958733e-01 5.000000000000000278e-02
3.413413413413413533e+00 -1.149900843147339674e-01 5.000000000000000278e-02
3.423423423423423539e+00 -8.608665069391088775e-02 5.000000000000000278e-02
3.433433433433433546e+00 -2.204390535845519861e-01 5.000000000000000278e-02
3.443443443443443552e+00 -1.332538401464293809e-01 5.000000000000000278e-02
3.453453453453453559e+00 -2.240809072848012062e-01 5.000000000000000278e-02
3.463463463463463565e+00 -2.089703479596828339e-01 5.000000000000000278e-02
3.473473473473473572e+00 -3.010043099687045309e-01 5.000000000000000278e-02
3.483483483483483578e+00 -3.662587316995963294e-01 5.000000000000000278e-02
3.493493493493493585e+00 -2.959599313895980299e-01 5.000000000000000278e-02
3.503503503503503591e+00 -2.711350435689572902e-01 5.000000000000000278e-02
3.513513513513513598e+00 -4.295361799989295681e-01 5.000000000000000278e-02
3.523523523523523604e+00 -3.684784644417576915e-01 5.000000000000000278e-02
3.533533533533533610e+00 -3.679645522537123292e-01 5.000000000000000278e-02
3.543543543543543617e+00 -3.616429690573293443e-01 5.000000000000000278e-02
3.553553553553553623e+00 -4.579455676953739229e-01 5.000000000000000278e-02
3.563563563563563630e+00 -4.422017683727283988e-01 5.000000000000000278e-02
3.573573573573573636e+00 -3.771925715850423799e-01 5.000000000000000278e-02
3.583583583583583643e+00 -3.417784985843601575e-01 5.000000000000000278e-02
3.593593593593593649e+00 -4.348151925810607166e-01 5.000000000000000278e-02
3.603603603603603656e+00 -3.970780109683212378e-01 5.000000000000000278e-02
3.613613613613613662e+00 -4.427133835804267781e-01 5.000000000000000278e-02
3.623623623623623669e+00 -4.333255457695871504e-01 5.000000000000000278e-02
3.633633633633633675e+00 -4.768640009982914041e-01 5.000000000000000278e-02
3.643643643643643681e+00 -4.699797199103808998e-01 5.000000000000000278e-02
3.653653653653653688e+00 -4.870073552669716976e-01 5.000000000000000278e-02
3.663663663663663694e+00 -4.513947597370812637e-01 5.000000000000000278e-02
3.673673673673673701e+00 -3.977602298103213307e-01 5.000000000000000278e-02
3.683683683683683707e+00 -4.389540879828044972e-01 5.000000000000000278e-02
3.693693693693693714e+00 -4.094436213784152789e-01 5.000000000000000278e-02
3.703703703703703720e+00 -4.669151906371356575e-01 5.000000000000000278e-02
3.713713713713713727e+00 -3.897007534571180765e-01 5.000000000000000278e-02
3.723723723723723733e+00 -5.736743147393494890e-01 5.000000000000000278e-02
3.733733733733733740e+00 -4.747740908677320348e-01 5.000000000000000278e-02
3.743743743743743746e+00 -4.068158514096111289e-01 5.000000000000000278e-02
3.753753753753753752e+00 -4.667360784404429030e-01 5.000000000000000278e-02
3.763763763763763759e+00 -3.307362413626762088e-01 5.000000000000000278e-02
3.773773773773773765e+00 -3.314102768902325580e-01 5.000000000000000278e-02
3.783783783783783772e+00 -3.692680226453469716e-01 5.000000000000000278e-02
3.793793793793793778e+00 -2.987694062828367136e-01 5.000000000000000278e-02
3.803803803803803785e+00 -3.586715805800088086e-01 5.000000000000000278e-02
3.813813813813813791e+00 -3.063999332102180229e-01 5.000000000000000278e-02
3.823823823823823798e+00 -2.574832953348795694e-01 5.000000000000000278e-02
3.833833833833833804e+00 -2.952704388682954040e-01 5.000000000000000278e-02
3.843843843843843811e+00 -1.376605685556625269e-01 5.000000000000000278e-02
3.853853853853853817e+00 -1.983513142180732824e-01 5.000000000000000278e-02
3.863863863863863823e+00 -8.840773942700749788e-02 5.000000000000000278e-02
3.873873873873873830e+00 -1.212798249541159612e-01 5.000000000000000278e-02
3.883883883883883836e+00 -7.213981610159729552e-02 5.000000000000000278e-02
3.893893893893893843e+00 -1.072850447871427360e-01 5.000000000000000278e-02
3.903903903903903849e+00 -5.057997557466949179e-02 5.000000000000000278e-02
3.913913913913913856e+00 -3.012361358886594259e-02 5.000000000000000278e-02
3.923923923923923862e+00 2.882022714683951312e-02 5.000000000000000278e-02
3.933933933933933869e+00 1.116637194456642501e-01 5.000000000000000278e-02
3.943943943943943875e+00 3.951192237143423547e-02 5.000000000000000278e-02
3.953953953953953881e+00 8.402302292413489637e-02 5.000000000000000278e-02
3.963963963963963888e+00 1.340040204129416823e-01 5.000000000000000278e-02
3.973973973973973894e+00 1.819500552178456299e-01 5.000000000000000278e-02
3.983983983983983901e+00 1.550278943627032280e-01 5.000000000000000278e-02
3.993993993993993907e+00 1.620811240565994960e-01 5.000000000000000278e-02
4.004004004004004358e+00 1.714790800266874915e-01 5.000000000000000278e-02
4.014014014014014364e+00 2.192802377976277861e-01 5.000000000000000278e-02
4.024024024024024371e+00 2.477217663605182918e-01 5.000000000000000278e-02
4.034034034034034377e+00 2.164041242236060814e-01 5.000000000000000278e-02
4.044044044044044384e+00 2.488654200575720621e-01 5.000000000000000278e-02
4.054054054054054390e+00 3.141681597735100917e-01 5.000000000000000278e-02
4.064064064064064397e+00 2.849279340026138474e-01 5.000000000000000278e-02
4.074074074074074403e+00 2.657352634866775865e-01 5.000000000000000278e-02
4.084084084084084409e+00 3.363977336871294410e-01 5.000000000000000278e-02
4.094094094094094416e+00 3.411611605448482964e-01 5.000000000000000278e-02
4.104104104104104422e+00 3.387682759147456757e-01 5.000000000000000278e-02
4.114114114114114429e+00 3.422411161265356272e-01 5.000000000000000278e-02
4.124124124124124435e+00 2.877987222658160427e-01 5.000000000000000278e-02
4.134134134134134442e+00 3.147584461754995844e-01 5.000000000000000278e-02
4.144144144144144448e+00 3.153035623139577859e-01 5.000000000000000278e-02
4.154154154154154455e+00 2.988065046880045705e-01 5.000000000000000278e-02
4.164164164164164461e+00 1.961049103000217786e-01 5.000000000000000278e-02
4.174174174174174468e+00 2.726943391769078850e-01 5.000000000000000278e-02
4.184184184184184474e+00 2.791160958106551626e-01 5.000000000000000278e-02
4.194194194194194480e+00 2.725525295744567478e-01 5.000000000000000278e-02
4.204204204204204487e+00 2.175795504740973552e-01 5.000000000000000278e-02
4.214214214214214493e+00 2.173773915508120935e-01 5.000000000000000278e-02
4.224224224224224500e+00 1.071921698726905348e-01 5.000000000000000278e-02
4.234234234234234506e+00 1.034213009975146064e-01 5.000000000000000278e-02
4.244244244244244513e+00 9.164895026995162342e-03 5.000000000000000278e-02
4.254254254254254519e+00 1.246724782907036727e-01 5.000000000000000278e-02
4.264264264264264526e+00 1.949219809136356063e-01 5.000000000000000278e-02
4.274274274274274532e+00 1.779041885983159710e-01 5.000000000000000278e-02
4.284284284284284539e+00 9.817049729037394257e-03 5.000000000000000278e-02
4.294294294294294545e+00 7.425534276943360212e-02 5.000000000000000278e-02
4.304304304304304551e+00 7.966893823246576356e-02 5.000000000000000278e-02
4.314314314314314558e+00 -2.391728195688019865e-02 5.000000000000000278e-02
4.324324324324324564e+00 -1.326084085154440595e-01 5.000000000000000278e-02
4.334334334334334571e+00 1.141147818809075398e-02 5.000000000000000278e-02
4.344344344344344577e+00 -1.032392193859064250e-01 5.000000000000000278e-02
4.354354354354354584e+00 -1.302873160741138125e-01 5.000000000000000278e-02
4.364364364364364590e+00 -4.998702073233368681e-02 5.000000000000000278e-02
4.374374374374374597e+00 -1.366533967865941057e-01 5.000000000000000278e-02
4.384384384384384603e+00 -1.418953016214986873e-01 5.000000000000000278e-02
4.394394394394394610e+00 -1.272221584994895904e-01 5.000000000000000278e-02
4.404404404404404616e+00 -2.373360823372460959e-01 5.000000000000000278e-02
4.414414414414414622e+00 -3.003203491227936506e-01 5.000000000000000278e-02
4.424424424424424629e+00 -2.325382983023106254e-01 5.000000000000000278e-02
4.434434434434434635e+00 -2.913077415748124843e-01 5.000000000000000278e-02
4.444444444444444642e+00 -2.723004687669516310e-01 5.000000000000000278e-02
4.454454454454454648e+00 -3.062815650766809172e-01 5.000000000000000278e-02
4.464464464464464655e+00 -3.799864044839769139e-01 5.000000000000000278e-02
4.474474474474474661e+00 -3.545138144345358899e-01 5.000000000000000278e-02
4.484484484484484668e+00 -3.851801838689052904e-01 5.000000000000000278e-02
4.494494494494494674e+00 -3.910847748740916563e-01 5.000000000000000278e-02
4.504504504504504681e+00 -3.906069595932833427e-01 5.000000000000000278e-02
4.514514514514514687e+00 -3.784969719512146780e-01 5.000000000000000278e-02
4.524524524524524693e+00 -3.913247656652682482e-01 5.000000000000000278e-02
4.534534534534534700e+00 -4.693587508467756408e-01 5.000000000000000278e-02
4.544544544544544706e+00 -3.758845515352426947e-01 5.000000000000000278e-02
4.554554554554554713e+00 -4.793887210792386333e-01 5.000000000000000278e-02
4.564564564564564719e+00 -2.946467239250591952e-01 5.000000000000000278e-02
4.574574574574574726e+00 -4.399277885972479596e-01 5.000000000000000278e-02
4.584584584584584732e+00 -3.988258388822484291e-01 5.000000000000000278e-02
4.594594594594594739e+00 -3.209272426176243420e-01 5.000000000000000278e-02
4.604604604604604745e+00 -3.881140489058817478e-01 5.000000000000000278e-02
4.614614614614614752e+00 -4.298765966858429932e-01 5.000000000000000278e-02
4.624624624624624758e+00 -4.242547529773410542e-01 5.000000000000000278e-02
4.634634634634634764e+00 -3.229245284995636567e-01 5.000000000000000278e-02
4.644644644644644771e+00 -2.989995974720258132e-01 5.000000000000000278e-02
4.654654654654654777e+00 -2.589219321463199219e-01 5.000000000000000278e-02
4.664664664664664784e+00 -2.659120322516481671e-01 5.000000000000000278e-02
4.674674674674674790e+00 -2.811250820928166139e-01 5.000000000000000278e-02
4.684684684684684797e+00 -2.093543139035075051e-01 5.000000000000000278e-02
4.694694694694694803e+00 -1.354710993480968684e-01 5.000000000000000278e-02
4.704704704704704810e+00 -2.209762451982953124e-01 5.000000000000000278e-02
4.714714714714714816e+00 2.596867502675140327e-02 5.000000000000000278e-02
4.724724724724724823e+00 -1.450966061303397003e-01 5.000000000000000278e-02
4.734734734734734829e+00 -3.177671177009462611e-02 5.000000000000000278e-02
4.744744744744744835e+00 3.036351157574507242e-02 5.000000000000000278e-02
4.754754754754754842e+00 1.245039394577295705e-02 5.000000000000000278e-02
4.764764764764764848e+00 1.310268979276561427e-02 5.000000000000000278e-02
4.774774774774774855e+00 6.543869247855610416e-02 5.000000000000000278e-02
4.784784784784784861e+00 1.273014932481339179e-01 5.000000000000000278e-02
4.794794794794794868e+00 -4.089831325317509758e-02 5.000000000000000278e-02
4.804804804804804874e+00 1.447225219705536303e-01 5.000000000000000278e-02
4.814814814814814881e+00 1.310416063106885909e-01 5.000000000000000278e-02
4.824824824824824887e+00 1.452722102386675151e-01 5.000000000000000278e-02
4.834834834834834894e+00 2.133873599657245823e-01 5.000000000000000278e-02
4.844844844844844900e+00 2.425474054169502736e-01 5.000000000000000278e-02
4.854854854854854906e+00 2.827706061543169835e-01 5.000000000000000278e-02
4.864864864864864913e+00 2.512899689783032464e-01 5.000000000000000278e-02
4.874874874874874919e+00 3.575920007496443676e-01 5.000000000000000278e-02
4.884884884884884926e+00 2.145768873140529442e-01 5.000000000000000278e-02
4.894894894894894932e+00 2.865127671432708967e-01 5.000000000000000278e-02
4.904904904904904939e+00 2.870841176867311439e-01 5.000000000000000278e-02
4.914914914914914945e+00 3.634927185187903920e-01 5.000000000000000278e-02
4.924924924924924952e+00 3.404203768701927757e-01 5.000000000000000278e-02
4.934934934934934958e+00 3.961070958111915230e-01 5.000000000000000278e-02
4.944944944944944965e+00 3.310797260370312300e-01 5.000000000000000278e-02
4.954954954954954971e+00 4.323179075908994973e-01 5.000000000000000278e-02
4.964964964964964977e+00 3.990247035045895174e-01 5.000000000000000278e-02
4.974974974974974984e+00 3.265028469500078634e-01 5.000000000000000278e-02
4.984984984984984990e+00 2.542283686409266275e-01 5.000000000000000278e-02
4.994994994994994997e+00 2.624922292305261751e-01 5.000000000000000278e-02
5.005005005005005003e+00 2.238720407477408636e-01 5.000000000000000278e-02
5.015015015015015010e+00 3.393782886774784346e-01 5.000000000000000278e-02
5.025025025025025016e+00 2.872523455352376520e-01 5.000000000000000278e-02
5.035035035035035023e+00 1.543078191665725185e-01 5.000000000000000278e-02
5.045045045045045029e+00 2.772471180051829798e-01 5.000000000000000278e-02
5.055055055055055035e+00 1.295418512700309277e-01 5.000000000000000278e-02
5.065065065065065042e+00 -1.039026484622841695e-02 5.000000000000000278e-02
5.075075075075075048e+00 1.119815367237795706e-01 5.000000000000000278e-02
5.085085085085085055e+00 7.474284491701010946e-02 5.000000000000000278e-02
5.095095095095095061e+00 -4.118302112185089764e-02 5.000000000000000278e-02
5.105105105105105068e+00 -1.401095039863896052e-01 5.000000000000000278e-02
5.115115115115115074e+00 -8.944943168722241378e-02 5.000000000000000278e-02
5.125125125125125081e+00 -2.350124455873712770e-01 5.000000000000000278e-02
5.135135135135135087e+00 -2.710555229821073886e-01 5.000000000000000278e-02
5.145145145145145094e+00 -3.088834966086985712e-01 5.000000000000000278e-02
5.155155155155155100e+00 -3.809270472205832370e-01 5.000000000000000278e-02
5.165165165165165106e+00 -4.843638924143789382e-01 5.000000000000000278e-02
5.175175175175175113e+00 -5.797004507807517193e-01 5.000000000000000278e-02
5.185185185185185119e+00 -5.566944809691040108e-01 5.000000000000000278e-02
5.195195195195195126e+00 -7.725558051105376745e-01 5.000000000000000278e-02
5.205205205205205132e+00 -7.129428531054946561e-01 5.000000000000000278e-02
5.215215215215215139e+00 -7.836535969913314137e-01 5.000000000000000278e-02
5.225225225225225145e+00 -8.381867398585840512e-01 5.000000000000000278e-02
5.235235235235235152e+00 -9.498486064104935123e-01 5.000000000000000278e-02
5.245245245245245158e+00 -9.864766363742998312e-01 5.000000000000000278e-02
5.255255255255255165e+00 -1.022852546907177640e+00 5.000000000000000278e-02
5.265265265265265171e+00 -1.178780492113257417e+00 5.000000000000000278e-02
5.275275275275275177e+00 -1.186224502346750365e+00 5.000000000000000278e-02
5.285285285285285184e+00 -1.230682397521638549e+00 5.000000000000000278e-02
5.295295295295295190e+00 -1.371830934045016104e+00 5.000000000000000278e-02
5.305305305305305197e+00 -1.413172535473481650e+00 5.000000000000000278e-02
5.315315315315315203e+00 -1.341432985783078013e+00 5.000000000000000278e-02
5.325325325325325210e+00 -1.421219358395667376e+00 5.000000000000000278e-02
5.335335335335335216e+00 -1.560637690615360507e+00 5.000000000000000278e-02
5.345345345345345223e+00 -1.534884352361475246e+00 5.000000000000000278e-02
5.355355355355355229e+00 -1.595632659423190436e+00 5.000000000000000278e-02
5.365365365365365236e+00 -1.588114721484373382e+00 5.000000000000000278e-02
5.375375375375375242e+00 -1.640907529653672592e+00 5.000000000000000278e-02
5.385385385385385248e+00 -1.856577460360695264e+00 5.000000000000000278e-02
5.395395395395395255e+00 -1.783944060104015072e+00 5.000000000000000278e-02
5.405405405405405261e+00 -1.731159485738406056e+00 5.000000000000000278e-02
5.415415415415415268e+00 -1.746544340477625745e+00 5.000000000000000278e-02
5.425425425425425274e+00 -1.884855804088964470e+00 5.000000000000000278e-02
5.435435435435435281e+00 -1.938346574843643477e+00 5.000000000000000278e-02
5.445445445445445287e+00 -1.883677757634193872e+00 5.000000000000000278e-02
5.455455455455455294e+00 -1.945820618450241790e+00 5.000000000000000278e-02
5.465465465465465300e+00 -1.928892763844784364e+00 5.000000000000000278e-02
5.475475475475475307e+00 -1.998436853130696411e+00 5.000000000000000278e-02
5.485485485485485313e+00 -1.910677628631571645e+00 5.000000000000000278e-02
5.495495495495495319e+00 -1.927090535755074496e+00 5.000000000000000278e-02
5.505505505505505326e+00 -1.936870584931136285e+00 5.000000000000000278e-02
5.515515515515515332e+00 -2.016704752419370195e+00 5.000000000000000278e-02
5.525525525525525339e+00 -2.045745966584843867e+00 5.000000000000000278e-02
5.535535535535535345e+00 -2.022527576765809521e+00 5.000000000000000278e-02
5.545545545545545352e+00 -1.928843730583400973e+00 5.000000000000000278e-02
5.555555555555555358e+00 -2.036879171149303502e+00 5.000000000000000278e-02
5.565565565565565365e+00 -1.905011374255252576e+00 5.000000000000000278e-02
5.575575575575575371e+00 -1.838430619847835956e+00 5.000000000000000278e-02
5.585585585585585378e+00 -1.946118376090329782e+00 5.000000000000000278e-02
5.595595595595595384e+00 -1.909723176422704061e+00 5.000000000000000278e-02
5.605605605605605390e+00 -1.835229448362648119e+00 5.000000000000000278e-02
5.615615615615615397e+00 -1.821273063335802078e+00 5.000000000000000278e-02
5.625625625625625403e+00 -1.879088185597984406e+00 5.000000000000000278e-02
5.635635635635635410e+00 -1.836637551862694506e+00 5.000000000000000278e-02
5.645645645645645416e+00 -1.800184117661043581e+00 5.000000000000000278e-02
5.655655655655655423e+00 -1.796774991859964699e+00 5.000000000000000278e-02
5.665665665665665429e+00 -1.730592992901347937e+00 5.000000000000000278e-02
5.675675675675675436e+00 -1.718025131769355562e+00 5.000000000000000278e-02
5.685685685685685442e+00 -1.643189447882772880e+00 5.000000000000000278e-02
5.695695695695695449e+00 -1.767192857862595501e+00 5.000000000000000278e-02
5.705705705705705455e+00 -1.594829371599079115e+00 5.000000000000000278e-02
5.715715715715715461e+00 -1.584834369812659016e+00 5.000000000000000278e-02
5.725725725725725468e+00 -1.603359892874066439e+00 5.000000000000000278e-02
5.735735735735735474e+00 -1.546282814483307622e+00 5.000000000000000278e-02
5.745745745745745481e+00 -1.488246479854839377e+00 5.000000000000000278e-02
5.755755755755755487e+00 -1.491646718797309923e+00 5.000000000000000278e-02
5.765765765765765494e+00 -1.488417603031070291e+00 5.000000000000000278e-02
5.775775775775775500e+00 -1.431018955965172923e+00 5.000000000000000278e-02
5.785785785785785507e+00 -1.448990423507847902e+00 5.000000000000000278e-02
5.795795795795795513e+00 -1.448755414379487405e+00 5.000000000000000278e-02
5.805805805805805520e+00 -1.396063225844820010e+00 5.000000000000000278e-02
5.815815815815815526e+00 -1.360170190602430162e+00 5.000000000000000278e-02
5.825825825825825532e+00 -1.281686357000695331e+00 5.000000000000000278e-02
5.835835835835835539e+00 -1.221485292227227903e+00 5.000000000000000278e-02
5.845845845845845545e+00 -1.219472754257065361e+00 5.000000000000000278e-02
5.855855855855855552e+00 -1.130012992681933559e+00 5.000000000000000278e-02
5.865865865865865558e+00 -1.179157235842343443e+00 5.000000000000000278e-02
5.875875875875875565e+00 -1.179619267353497314e+00 5.000000000000000278e-02
5.885885885885885571e+00 -1.157446293978078744e+00 5.000000000000000278e-02
5.895895895895895578e+00 -1.140899933430074009e+00 5.000000000000000278e-02
5.905905905905905584e+00 -1.086985776744037624e+00 5.000000000000000278e-02
5.915915915915915591e+00 -9.801662891888588414e-01 5.000000000000000278e-02
5.925925925925925597e+00 -1.101103566402798606e+00 5.000000000000000278e-02
5.935935935935935603e+00 -9.799302551345456802e-01 5.000000000000000278e-02
5.945945945945945610e+00 -9.898030474441422699e-01 5.000000000000000278e-02
5.955955955955955616e+00 -9.305064104135721825e-01 5.000000000000000278e-02
5.965965965965965623e+00 -9.809215578284569137e-01 5.000000000000000278e-02
5.975975975975975629e+00 -9.080557808906661865e-01 5.000000000000000278e-02
5.985985985985985636e+00 -9.581124185037955820e-01 5.000000000000000278e-02
5.995995995995995642e+00 -8.925661072117329065e-01 5.000000000000000278e-02
6.006006006006005649e+00 -1.014978474737673553e+00 5.000000000000000278e-02
6.016016016016015655e+00 -8.876674395317528665e-01 5.000000000000000278e-02
6.026026026026025662e+00 -8.724432628697469383e-01 5.000000000000000278e-02
6.036036036036035668e+00 -9.889175320629612909e-01 5.000000000000000278e-02
6.046046046046045674e+00 -8.686389881281083580e-01 5.000000000000000278e-02
6.056056056056055681e+00 -9.719869483024394796e-01 5.000000000000000278e-02
6.066066066066065687e+00 -8.721644371296866094e-01 5.000000000000000278e-02
6.076076076076075694e+00 -9.304531193325128458e-01 5.000000000000000278e-02
6.086086086086085700e+00 -9.068113840489000488e-01 5.000000000000000278e-02
6.096096096096095707e+00 -9.356446635512564169e-01 5.000000000000000278e-02
6.106106106106105713e+00 -1.029506648067978647e+00 5.000000000000000278e-02
6.116116116116115720e+00 -9.096058526656244370e-01 5.000000000000000278e-02
6.126126126126125726e+00 -9.456416145048405220e-01 5.000000000000000278e-02
6.136136136136135732e+00 -1.078977823050935925e+00 5.000000000000000278e-02
6.146146146146145739e+00 -1.022910012097984600e+00 5.000000000000000278e-02
6.156156156156155745e+00 -1.053136001357636298e+00 5.000000000000000278e-02
6.166166166166165752e+00 -1.136824093856074303e+00 5.000000000000000278e-02
6.176176176176175758e+00 -1.183110184876936755e+00 5.000000000000000278e-02
6.186186186186185765e+00 -1.096474060151710450e+00 5.000000000000000278e-02
6.196196196196195771e+00 -1.211196098593485537e+00 5.000000000000000278e-02
6.206206206206205778e+00 -1.177718459577625776e+00 5.000000000000000278e-02
6.216216216216215784e+00 -1.160493582506819887e+00 5.000000000000000278e-02
6.226226226226225791e+00 -1.264675898828450995e+00 5.000000000000000278e-02
6.236236236236235797e+00 -1.367079881177767353e+00 5.000000000000000278e-02
6.246246246246245803e+00 -1.307676288795786013e+00 5.000000000000000278e-02
6.256256256256255810e+00 -1.459837622580706373e+00 5.000000000000000278e-02
6.266266266266265816e+00 -1.470709915966609937e+00 5.000000000000000278e-02
6.276276276276275823e+00 -1.312751751986285687e+00 5.000000000000000278e-02
6.286286286286285829e+00 -1.532423025305392095e+00 5.000000000000000278e-02
6.296296296296295836e+00 -1.507902951360489130e+00 5.000000000000000278e-02
6.306306306306305842e+00 -1.610275636919507036e+00 5.000000000000000278e-02
6.316316316316315849e+00 -1.594322575353468663e+00 5.000000000000000278e-02
6.326326326326325855e+00 -1.607867716068082764e+00 5.000000000000000278e-02
6.336336336336335862e+00 -1.778687335486774934e+00 5.000000000000000278e-02
6.346346346346345868e+00 -1.705821253602292753e+00 5.000000000000000278e-02
6.356356356356355874e+00 -1.664972136777306710e+00 5.000000000000000278e-02
6.366366366366365881e+00 -1.677949196978123281e+00 5.000000000000000278e-02
6.376376376376375887e+00 -1.725748999515747339e+00 5.000000000000000278e-02
6.386386386386385894e+00 -1.809197589882021395e+00 5.000000000000000278e-02
6.396396396396395900e+00 -1.759116771076938868e+00 5.000000000000000278e-02
6.406406406406405907e+00 -1.818258783414567148e+00 5.000000000000000278e-02
6.416416416416416801e+00 -1.844699541549632116e+00 5.000000000000000278e-02
6.426426426426426808e+00 -1.816164032560928510e+00 5.000000000000000278e-02
6.436436436436436814e+00 -1.709833093409129923e+00 5.000000000000000278e-02
6.446446446446446821e+00 -1.874001276729832632e+00 5.000000000000000278e-02
6.456456456456456827e+00 -1.779532739787645257e+00 5.000000000000000278e-02
6.466466466466466834e+00 -1.819086867085626169e+00 5.000000000000000278e-02
6.476476476476476840e+00 -1.903834809464256761e+00 5.000000000000000278e-02
6.486486486486486847e+00 -1.870614622618771650e+00 5.000000000000000278e-02
6.496496496496496853e+00 -1.826577319854707504e+00 5.000000000000000278e-02
6.506506506506506859e+00 -1.832506881544620159e+00 5.000000000000000278e-02
6.516516516516516866e+00 -1.784370139979994496e+00 5.000000000000000278e-02
6.526526526526526872e+00 -1.833547501818171277e+00 5.000000000000000278e-02
6.536536536536536879e+00 -1.819186177222043455e+00 5.000000000000000278e-02
6.546546546546546885e+00 -1.700769892294274444e+00 5.000000000000000278e-02
6.556556556556556892e+00 -1.733453711208679415e+00 5.000000000000000278e-02
6.566566566566566898e+00 -1.753582844708072130e+00 5.000000000000000278e-02
6.576576576576576905e+00 -1.688712985529611466e+00 5.000000000000000278e-02
6.586586586586586911e+00 -1.573211917229319523e+00 5.000000000000000278e-02
6.596596596596596918e+00 -1.669188823342161676e+00 5.000000000000000278e-02
6.606606606606606924e+00 -1.688568539760174181e+00 5.000000000000000278e-02
6.616616616616616930e+00 -1.540386796295744043e+00 5.000000000000000278e-02
6.626626626626626937e+00 -1.461265894009270649e+00 5.000000000000000278e-02
6.636636636636636943e+00 -1.468211363373889355e+00 5.000000000000000278e-02
6.646646646646646950e+00 -1.568208336957198634e+00 5.000000000000000278e-02
6.656656656656656956e+00 -1.576463892032024194e+00 5.000000000000000278e-02
6.666666666666666963e+00 -1.381015859535129175e+00 5.000000000000000278e-02
6.676676676676676969e+00 -1.423813096621372232e+00 5.000000000000000278e-02
6.686686686686686976e+00 -1.360346016278416004e+00 5.000000000000000278e-02
6.696696696696696982e+00 -1.365894986516258625e+00 5.000000000000000278e-02
6.706706706706706989e+00 -1.243860890060664026e+00 5.000000000000000278e-02
6.716716716716716995e+00 -1.295983145193225772e+00 5.000000000000000278e-02
6.726726726726727001e+00 -1.287752014352585794e+00 5.000000000000000278e-02
6.736736736736737008e+00 -1.237843197398025508e+00 5.000000000000000278e-02
6.746746746746747014e+00 -1.278648083248043354e+00 5.000000000000000278e-02
6.756756756756757021e+00 -1.185022890741751711e+00 5.000000000000000278e-02
6.766766766766767027e+00 -1.173217117531947462e+00 5.000000000000000278e-02
6.776776776776777034e+00 -1.251110599243317356e+00 5.000000000000000278e-02
6.786786786786787040e+00 -1.180019420501234206e+00 5.000000000000000278e-02
6.796796796796797047e+00 -1.164398540518847724e+00 5.000000000000000278e-02
6.806806806806807053e+00 -1.160043190871076657e+00 5.000000000000000278e-02
6.816816816816817060e+00 -1.044727994844354413e+00 5.000000000000000278e-02
6.826826826826827066e+00 -9.884932350330533080e-01 5.000000000000000278e-02
6.836836836836837072e+00 -1.012361036871748832e+00 5.000000000000000278e-02
6.846846846846847079e+00 -1.087537181289019994e+00 5.000000000000000278e-02
6.856856856856857085e+00 -1.088640522115671638e+00 5.000000000000000278e-02
6.866866866866867092e+00 -9.478994698886161752e-01 5.000000000000000278e-02
6.876876876876877098e+00 -9.911803139437431742e-01 5.000000000000000278e-02
6.886886886886887105e+00 -9.707648503897123859e-01 5.000000000000000278e-02
6.896896896896897111e+00 -1.021894705971056139e+00 5.000000000000000278e-02
6.906906906906907118e+00 -1.050961035907872931e+00 5.000000000000000278e-02
6.916916916916917124e+00 -8.323747078108348907e-01 5.000000000000000278e-02
6.926926926926927131e+00 -9.683196709017632964e-01 5.000000000000000278e-02
6.936936936936937137e+00 -9.435034726789405246e-01 5.000000000000000278e-02
6.946946946946947143e+00 -9.880253034380993560e-01 5.000000000000000278e-02
6.956956956956957150e+00 -8.521746035031899646e-01 5.000000000000000278e-02
6.966966966966967156e+00 -9.451697188768525271e-01 5.000000000000000278e-02
6.976976976976977163e+00 -9.350865378050070564e-01 5.000000000000000278e-02
6.986986986986987169e+00 -9.251431204650005791e-01 5.000000000000000278e-02
6.996996996996997176e+00 -9.289844021665754070e-01 5.000000000000000278e-02
7.007007007007007182e+00 -8.589556432044029854e-01 5.000000000000000278e-02
7.017017017017017189e+00 -1.022796394549755572e+00 5.000000000000000278e-02
7.027027027027027195e+00 -9.026162213869072248e-01 5.000000000000000278e-02
7.037037037037037202e+00 -9.675755524203388802e-01 5.000000000000000278e-02
7.047047047047047208e+00 -9.595472476339588219e-01 5.000000000000000278e-02
7.057057057057057214e+00 -9.725937777276858487e-01 5.000000000000000278e-02
7.067067067067067221e+00 -9.228750058869180650e-01 5.000000000000000278e-02
7.077077077077077227e+00 -1.010545756368836923e+00 5.000000000000000278e-02
7.087087087087087234e+00 -9.752095522593087207e-01 5.000000000000000278e-02
7.097097097097097240e+00 -9.215401598429623364e-01 5.000000000000000278e-02
7.107107107107107247e+00 -9.789506391290906384e-01 5.000000000000000278e-02
7.117117117117117253e+00 -9.742194856386593438e-01 5.000000000000000278e-02
7.127127127127127260e+00 -9.307378977394297204e-01 5.000000000000000278e-02
7.137137137137137266e+00 -9.433790611054277964e-01 5.000000000000000278e-02
7.147147147147147273e+00 -9.617721428520822347e-01 5.000000000000000278e-02
7.157157157157157279e+00 -9.384231796992940078e-01 5.000000000000000278e-02
7.167167167167167285e+00 -9.802756553844274023e-01 5.000000000000000278e-02
7.177177177177177292e+00 -8.867951577992649881e-01 5.000000000000000278e-02
7.187187187187187298e+00 -9.764963619243233195e-01 5.000000000000000278e-02
7.197197197197197305e+00 -9.929911943209239755e-01 5.000000000000000278e-02
7.207207207207207311e+00 -8.809282042244078736e-01 5.000000000000000278e-02
7.217217217217217318e+00 -9.559448533853053265e-01 5.000000000000000278e-02
7.227227227227227324e+00 -9.245080847498095000e-01 5.000000000000000278e-02
7.237237237237237331e+00 -8.725613912267565775e-01 5.000000000000000278e-02
7.247247247247247337e+00 -8.100016958023086300e-01 5.000000000000000278e-02
7.257257257257257343e+00 -8.514316811279500907e-01 5.000000000000000278e-02
7.267267267267267350e+00 -8.304694396516357768e-01 5.000000000000000278e-02
7.277277277277277356e+00 -8.092005960422805622e-01 5.000000000000000278e-02
7.287287287287287363e+00 -7.473239876927808556e-01 5.000000000000000278e-02
7.297297297297297369e+00 -7.688048664753881489e-01 5.000000000000000278e-02
7.307307307307307376e+00 -7.075112150020790303e-01 5.000000000000000278e-02
7.317317317317317382e+00 -6.268923649769998496e-01 5.000000000000000278e-02
7.327327327327327389e+00 -6.805649635544394060e-01 5.000000000000000278e-02
7.337337337337337395e+00 -6.618941488709226828e-01 5.000000000000000278e-02
7.347347347347347402e+00 -6.634283578089298361e-01 5.000000000000000278e-02
7.357357357357357408e+00 -6.281116632270860034e-01 5.000000000000000278e-02
7.367367367367367414e+00 -6.255119269882138955e-01 5.000000000000000278e-02
7.377377377377377421e+00 -5.918627904112382376e-01 5.000000000000000278e-02
7.387387387387387427e+00 -5.397501671407197721e-01 5.000000000000000278e-02
7.397397397397397434e+00 -4.683028774918154835e-01 5.000000000000000278e-02
7.407407407407407440e+00 -4.359699449570909602e-01 5.000000000000000278e-02
7.417417417417417447e+00 -4.578007783823350718e-01 5.000000000000000278e-02
7.427427427427427453e+00 -3.975066791011499512e-01 5.000000000000000278e-02
7.437437437437437460e+00 -4.570321791115318777e-01 5.000000000000000278e-02
7.447447447447447466e+00 -2.690749818403672111e-01 5.000000000000000278e-02
7.457457457457457473e+00 -2.308102898218910570e-01 5.000000000000000278e-02
7.467467467467467479e+00 -3.441305775996928995e-01 5.000000000000000278e-02
7.477477477477477485e+00 -2.990131582009573630e-01 5.000000000000000278e-02
7.487487487487487492e+00 -3.075815031272577937e-01 5.000000000000000278e-02
7.497497497497497498e+00 -2.643467045296593043e-01 5.000000000000000278e-02
7.507507507507507505e+00 -3.279779722662661823e-01 5.000000000000000278e-02
7.517517517517517511e+00 -3.681939613164284530e-01 5.000000000000000278e-02
7.527527527527527518e+00 -2.506410095817687145e-01 5.000000000000000278e-02
7.537537537537537524e+00 -3.468638800869124905e-01 5.000000000000000278e-02
7.547547547547547531e+00 -2.791437103916178386e-01 5.000000000000000278e-02
7.557557557557557537e+00 -3.498998579726892988e-01 5.000000000000000278e-02
7.567567567567567544e+00 -3.524239331328502534e-01 5.000000000000000278e-02
7.577577577577577550e+00 -2.778014940829412471e-01 5.000000000000000278e-02
7.587587587587587556e+00 -2.622198766734836206e-01 5.000000000000000278e-02
7.597597597597597563e+00 -3.690333035828436969e-01 5.000000000000000278e-02
7.607607607607607569e+00 -4.037272110745721010e-01 5.000000000000000278e-02
7.617617617617617576e+00 -3.917148437896709190e-01 5.000000000000000278e-02
7.627627627627627582e+00 -4.604210825649796557e-01 5.000000000000000278e-02
7.637637637637637589e+00 -5.484965557897365507e-01 5.000000000000000278e-02
7.647647647647647595e+00 -4.942661784312318285e-01 5.000000000000000278e-02
7.657657657657657602e+00 -6.382324064961208965e-01 5.000000000000000278e-02
7.667667667667667608e+00 -5.402982324967013916e-01 5.000000000000000278e-02
7.677677677677677615e+00 -6.238489928482547908e-01 5.000000000000000278e-02
7.687687687687687621e+00 -6.277241776278104091e-01 5.000000000000000278e-02
7.697697697697697627e+00 -7.505465220187985675e-01 5.000000000000000278e-02
7.707707707707707634e+00 -7.555898639944186312e-01 5.000000000000000278e-02
7.717717717717717640e+00 -7.318280819115831060e-01 5.000000000000000278e-02
7.727727727727727647e+00 -7.348388761781352585e-01 5.000000000000000278e-02
7.737737737737737653e+00 -8.043399658083859594e-01 5.000000000000000278e-02
7.747747747747747660e+00 -8.705854186415380447e-01 5.000000000000000278e-02
7.757757757757757666e+00 -9.890896654779113284e-01 5.000000000000000278e-02
7.767767767767767673e+00 -9.487008049221357098e-01 5.000000000000000278e-02
7.777777777777777679e+00 -1.013971985676818344e+00 5.000000000000000278e-02
7.787787787787787686e+00 -1.079325267975953517e+00 5.000000000000000278e-02
7.797797797797797692e+00 -1.040804773683909890e+00 5.000000000000000278e-02
7.807807807807807698e+00 -1.185694944556324293e+00 5.000000000000000278e-02
7.817817817817817705e+00 -1.100029753326027260e+00 5.000000000000000278e-02
7.827827827827827711e+00 -1.259586144078641334e+00 5.000000000000000278e-02
7.837837837837837718e+00 -1.299260274602912046e+00 5.000000000000000278e-02
7.847847847847847724e+00 -1.307268023927250944e+00 5.000000000000000278e-02
7.857857857857857731e+00 -1.403669716666574363e+00 5.000000000000000278e-02
7.867867867867867737e+00 -1.395067375218731476e+00 5.000000000000000278e-02
7.877877877877877744e+00 -1.399943393103734612e+00 5.000000000000000278e-02
7.887887887887887750e+00 -1.519153708347527720e+00 5.000000000000000278e-02
7.897897897897897757e+00 -1.504695097755470945e+00 5.000000000000000278e-02
7.907907907907907763e+00 -1.559740792585458946e+00 5.000000000000000278e-02
7.917917917917917769e+00 -1.537452241596572344e+00 5.000000000000000278e-02
7.927927927927927776e+00 -1.481998730223537342e+00 5.000000000000000278e-02
7.937937937937937782e+00 -1.582167620448778234e+00 5.000000000000000278e-02
7.947947947947947789e+00 -1.589591344752084412e+00 5.000000000000000278e-02
7.957957957957957795e+00 -1.586872071925977012e+00 5.000000000000000278e-02
7.967967967967967802e+00 -1.669683395267517634e+00 5.000000000000000278e-02
7.977977977977977808e+00 -1.617212052794658517e+00 5.000000000000000278e-02
7.987987987987987815e+00 -1.667094218407232376e+00 5.000000000000000278e-02
7.997997997997997821e+00 -1.684325695762693753e+00 5.000000000000000278e-02
8.008008008008008716e+00 -1.746730785229162475e+00 5.000000000000000278e-02
8.018018018018018722e+00 -1.700422007507979671e+00 5.000000000000000278e-02
8.028028028028028729e+00 -1.623192042052948869e+00 5.000000000000000278e-02
8.038038038038038735e+00 -1.618986781337505620e+00 5.000000000000000278e-02
8.048048048048048742e+00 -1.697039013631655324e+00 5.000000000000000278e-02
8.058058058058058748e+00 -1.680268132431681272e+00 5.000000000000000278e-02
8.068068068068068754e+00 -1.704898776349993650e+00 5.000000000000000278e-02
8.078078078078078761e+00 -1.737424942718782450e+00 5.000000000000000278e-02
8.088088088088088767e+00 -1.769652827073910917e+00 5.000000000000000278e-02
8.098098098098098774e+00 -1.590501222312147300e+00 5.000000000000000278e-02
8.108108108108108780e+00 -1.719506753500630980e+00 5.000000000000000278e-02
8.118118118118118787e+00 -1.652900698624052644e+00 5.000000000000000278e-02
8.128128128128128793e+00 -1.577834830948560807e+00 5.000000000000000278e-02
8.138138138138138800e+00 -1.664957085403887538e+00 5.000000000000000278e-02
8.148148148148148806e+00 -1.643233751043173152e+00 5.000000000000000278e-02
8.158158158158158813e+00 -1.609527004048279197e+00 5.000000000000000278e-02
8.168168168168168819e+00 -1.627028476083808517e+00 5.000000000000000278e-02
8.178178178178178825e+00 -1.581690216623988787e+00 5.000000000000000278e-02
8.188188188188188832e+00 -1.594580959233292017e+00 5.000000000000000278e-02
8.198198198198198838e+00 -1.503247955113996559e+00 5.000000000000000278e-02
8.208208208208208845e+00 -1.515887951473635642e+00 5.000000000000000278e-02
8.218218218218218851e+00 -1.578280950902332780e+00 5.000000000000000278e-02
8.228228228228228858e+00 -1.562833942722605451e+00 5.000000000000000278e-02
8.238238238238238864e+00 -1.503955975021368241e+00 5.000000000000000278e-02
8.248248248248248871e+00 -1.476042796256356704e+00 5.000000000000000278e-02
8.258258258258258877e+00 -1.454310145730918435e+00 5.000000000000000278e-02
8.268268268268268884e+00 -1.341013105607619549e+00 5.000000000000000278e-02
8.278278278278278890e+00 -1.391246710852803492e+00 5.000000000000000278e-02
8.288288288288288896e+00 -1.343903569153982902e+00 5.000000000000000278e-02
8.298298298298298903e+00 -1.277793303085927867e+00 5.000000000000000278e-02
8.308308308308308909e+00 -1.345717371568051046e+00 5.000000000000000278e-02
8.318318318318318916e+00 -1.184341191638098811e+00 5.000000000000000278e-02
8.328328328328328922e+00 -1.134024489980038464e+00 5.000000000000000278e-02
8.338338338338338929e+00 -1.047944639853115367e+00 5.000000000000000278e-02
8.348348348348348935e+00 -1.119279629642167873e+00 5.000000000000000278e-02
8.358358358358358942e+00 -1.043571936780327558e+00 5.000000000000000278e-02
8.368368368368368948e+00 -9.576354897630825480e-01 5.000000000000000278e-02
8.378378378378378954e+00 -9.323453915606350062e-01 5.000000000000000278e-02
8.388388388388388961e+00 -9.293733789528626499e-01 5.000000000000000278e-02
8.398398398398398967e+00 -7.522537454800674039e-01 5.000000000000000278e-02
8.408408408408408974e+00 -7.501546074595895064e-01 5.000000000000000278e-02
8.418418418418418980e+00 -6.549073954360149497e-01 5.000000000000000278e-02
8.428428428428428987e+00 -6.600886032084678501e-01 5.000000000000000278e-02
8.438438438438438993e+00 -4.908232371498679192e-01 5.000000000000000278e-02
8.448448448448449000e+00 -4.861960380751653710e-01 5.000000000000000278e-02
8.458458458458459006e+00 -4.329564249981993629e-01 5.000000000000000278e-02
8.468468468468469013e+00 -2.842866276190006980e-01 5.000000000000000278e-02
8.478478478478479019e+00 -1.934103804737374033e-01 5.000000000000000278e-02
8.488488488488489025e+00 -2.187359590329980286e-01 5.000000000000000278e-02
8.498498498498499032e+00 -4.464176422376379960e-02 5.000000000000000278e-02
8.508508508508509038e+00 6.549451203940433175e-02 5.000000000000000278e-02
8.518518518518519045e+00 7.764193732831123351e-02 5.000000000000000278e-02
8.528528528528529051e+00 7.488347550164874133e-02 5.000000000000000278e-02
8.538538538538539058e+00 2.549634709226505924e-01 5.000000000000000278e-02
8.548548548548549064e+00 3.614774460896508224e-01 5.000000000000000278e-02
8.558558558558559071e+00 3.392671558127501874e-01 5.000000000000000278e-02
8.568568568568569077e+00 5.555316349838054224e-01 5.000000000000000278e-02
8.578578578578579084e+00 5.439712763926332073e-01 5.000000000000000278e-02
8.588588588588589090e+00 6.290484879330460188e-01 5.000000000000000278e-02
8.598598598598599096e+00 7.703478635970898436e-01 5.000000000000000278e-02
8.608608608608609103e+00 8.058385829873316863e-01 5.000000000000000278e-02
8.618618618618619109e+00 9.364915564267374259e-01 5.000000000000000278e-02
8.628628628628629116e+00 9.510248856012396557e-01 5.000000000000000278e-02
8.638638638638639122e+00 1.047056892372345338e+00 5.000000000000000278e-02
8.648648648648649129e+00 1.103179242607352339e+00 5.000000000000000278e-02
8.658658658658659135e+00 1.186518978182655948e+00 5.000000000000000278e-02
8.668668668668669142e+00 1.274301369197130551e+00 5.000000000000000278e-02
8.678678678678679148e+00 1.337724220957130505e+00 5.000000000000000278e-02
8.688688688688689155e+00 1.364567994440490040e+00 5.000000000000000278e-02
8.698698698698699161e+00 1.490087619005227237e+00 5.000000000000000278e-02
8.708708708708709167e+00 1.499944974679407794e+00 5.000000000000000278e-02
8.718718718718719174e+00 1.622626150091098340e+00 5.000000000000000278e-02
8.728728728728729180e+00 1.648828730242855922e+00 5.000000000000000278e-02
8.738738738738739187e+00 1.666016634373226113e+00 5.000000000000000278e-02
8.748748748748749193e+00 1.683305305135047503e+00 5.000000000000000278e-02
8.758758758758759200e+00 1.768245609494802473e+00 5.000000000000000278e-02
8.768768768768769206e+00 1.878540912899363091e+00 5.000000000000000278e-02
8.778778778778779213e+00 1.858632909535296251e+00 5.000000000000000278e-02
8.788788788788789219e+00 1.934204178644785221e+00 5.000000000000000278e-02
8.798798798798799226e+00 1.914550028710021001e+00 5.000000000000000278e-02
8.808808808808809232e+00 1.932973708295918414e+00 5.000000000000000278e-02
8.818818818818819238e+00 1.940326761981038706e+00 5.000000000000000278e-02
8.828828828828829245e+00 1.901194538232443998e+00 5.000000000000000278e-02
8.838838838838839251e+00 2.033564134798907741e+00 5.000000000000000278e-02
8.848848848848849258e+00 2.036157224261291088e+00 5.000000000000000278e-02
8.858858858858859264e+00 2.044875746334729349e+00 5.000000000000000278e-02
8.868868868868869271e+00 2.096214623886696327e+00 5.000000000000000278e-02
8.878878878878879277e+00 2.014650292799167186e+00 5.000000000000000278e-02
8.888888888888889284e+00 2.152088088387285048e+00 5.000000000000000278e-02
8.898898898898899290e+00 1.994568839036414243e+00 5.000000000000000278e-02
8.908908908908909297e+00 2.077569339809838489e+00 5.000000000000000278e-02
8.918918918918919303e+00 1.999962090553464522e+00 5.000000000000000278e-02
8.928928928928929309e+00 2.037349890203409508e+00 5.000000000000000278e-02
8.938938938938939316e+00 2.097539463428123696e+00 5.000000000000000278e-02
8.948948948948949322e+00 1.951285446600579121e+00 5.000000000000000278e-02
8.958958958958959329e+00 2.018245236863068559e+00 5.000000000000000278e-02
8.968968968968969335e+00 1.995717895666310637e+00 5.000000000000000278e-02
8.978978978978979342e+00 1.977827338956560599e+00 5.000000000000000278e-02
8.988988988988989348e+00 1.957929587046653763e+00 5.000000000000000278e-02
8.998998998998999355e+00 1.959441020817599188e+00 5.000000000000000278e-02
9.009009009009009361e+00 1.916118371932880926e+00 5.000000000000000278e-02
9.019019019019019368e+00 1.880347916878115644e+00 5.000000000000000278e-02
9.029029029029029374e+00 1.874348663019745009e+00 5.000000000000000278e-02
9.039039039039039380e+00 1.829336771787362981e+00 5.000000000000000278e-02
9.049049049049049387e+00 1.754587209795832825e+00 5.000000000000000278e-02
9.059059059059059393e+00 1.662849752737545206e+00 5.000000000000000278e-02
9.069069069069069400e+00 1.725676918753649369e+00 5.000000000000000278e-02
9.079079079079079406e+00 1.629142758155558424e+00 5.000000000000000278e-02
9.089089089089089413e+00 1.687649725104794163e+00 5.000000000000000278e-02
9.099099099099099419e+00 1.535384020798064686e+00 5.000000000000000278e-02
9.109109109109109426e+00 1.459937708067375439e+00 5.000000000000000278e-02
9.119119119119119432e+00 1.532583813844450971e+00 5.000000000000000278e-02
9.129129129129129439e+00 1.393615312420629415e+00 5.000000000000000278e-02
9.139139139139139445e+00 1.310031678274102829e+00 5.000000000000000278e-02
9.149149149149149451e+00 1.396893735579197271e+00 5.000000000000000278e-02
9.159159159159159458e+00 1.217888974012108161e+00 5.000000000000000278e-02
9.169169169169169464e+00 1.308179555227184876e+00 5.000000000000000278e-02
9.179179179179179471e+00 1.145977826750409490e+00 5.000000000000000278e-02
9.189189189189189477e+00 1.164790897690334726e+00 5.000000000000000278e-02
9.199199199199199484e+00 1.105859617686647312e+00 5.000000000000000278e-02
9.209209209209209490e+00 9.539016897078725910e-01 5.000000000000000278e-02
9.219219219219219497e+00 9.934087702317890844e-01 5.000000000000000278e-02
9.229229229229229503e+00 9.224540644884527962e-01 5.000000000000000278e-02
9.239239239239239510e+00 8.988054296453701353e-01 5.000000000000000278e-02
9.249249249249249516e+00 8.679553107836229797e-01 5.000000000000000278e-02
9.259259259259259522e+00 8.690273556591034954e-01 5.000000000000000278e-02
9.269269269269269529e+00 7.269839318988844390e-01 5.000000000000000278e-02
9.279279279279279535e+00 6.825790401196861756e-01 5.000000000000000278e-02
9.289289289289289542e+00 7.439651528288877547e-01 5.000000000000000278e-02
9.299299299299299548e+00 6.214139513711707252e-01 5.000000000000000278e-02
9.309309309309309555e+00 5.722877082273363225e-01 5.000000000000000278e-02
9.319319319319319561e+00 4.070393316994886934e-01 5.000000000000000278e-02
9.329329329329329568e+00 3.632417022485497360e-01 5.000000000000000278e-02
9.339339339339339574e+00 3.553927177946057947e-01 5.000000000000000278e-02
9.349349349349349581e+00 3.240354373922036402e-01 5.000000000000000278e-02
9.359359359359359587e+00 3.087759391652307173e-01 5.000000000000000278e-02
9.369369369369369593e+00 3.725495802233793063e-01 5.000000000000000278e-02
9.379379379379379600e+00 1.253533917957420085e-01 5.000000000000000278e-02
9.389389389389389606e+00 1.203354727550501047e-01 5.000000000000000278e-02
9.399399399399399613e+00 1.259690408948973550e-01 5.000000000000000278e-02
9.409409409409409619e+00 6.271850244853814649e-02 5.000000000000000278e-02
9.419419419419419626e+00 6.087102237538312421e-02 5.000000000000000278e-02
9.429429429429429632e+00 -5.295280695421289430e-02 5.000000000000000278e-02
9.439439439439439639e+00 -1.255879816206634247e-01 5.000000000000000278e-02
9.449449449449449645e+00 -1.716500612960046579e-02 5.000000000000000278e-02
9.459459459459459651e+00 -1.392753615439704384e-01 5.000000000000000278e-02
9.469469469469469658e+00 -2.593360702675511220e-01 5.000000000000000278e-02
9.479479479479479664e+00 -2.535718001117544529e-01 5.000000000000000278e-02
9.489489489489489671e+00 -2.746678659449998672e-01 5.000000000000000278e-02
9.499499499499499677e+00 -3.798307728443679476e-01 5.000000000000000278e-02
9.509509509509509684e+00 -2.985799619144391404e-01 5.000000000000000278e-02
9.519519519519519690e+00 -3.600104643874760812e-01 5.000000000000000278e-02
9.529529529529529697e+00 -4.143640380356667929e-01 5.000000000000000278e-02
9.539539539539539703e+00 -4.553927913782032655e-01 5.000000000000000278e-02
9.549549549549549710e+00 -3.652638652338338066e-01 5.000000000000000278e-02
9.559559559559559716e+00 -4.744554153119351914e-01 5.000000000000000278e-02
9.569569569569569722e+00 -5.302784840413573564e-01 5.000000000000000278e-02
9.579579579579579729e+00 -6.129321645933595297e-01 5.000000000000000278e-02
9.589589589589589735e+00 -5.809281518637716690e-01 5.000000000000000278e-02
9.599599599599599742e+00 -5.082594407029916717e-01 5.000000000000000278e-02
9.609609609609609748e+00 -4.815823375307016763e-01 5.000000000000000278e-02
9.619619619619619755e+00 -6.256521852165809472e-01 5.000000000000000278e-02
9.629629629629629761e+00 -6.791733771174459644e-01 5.000000000000000278e-02
9.639639639639639768e+00 -5.828129239239331350e-01 5.000000000000000278e-02
9.649649649649649774e+00 -5.925886992915084805e-01 5.000000000000000278e-02
9.659659659659659781e+00 -5.511025262905152600e-01 5.000000000000000278e-02
9.669669669669669787e+00 -6.320002149387202728e-01 5.000000000000000278e-02
9.679679679679679793e+00 -5.916769627899155504e-01 5.000000000000000278e-02
9.689689689689689800e+00 -6.889541244684568300e-01 5.000000000000000278e-02
9.699699699699699806e+00 -6.553933351712413202e-01 5.000000000000000278e-02
9.709709709709709813e+00 -6.169573874409350900e-01 5.000000000000000278e-02
9.719719719719719819e+00 -6.065389181032386778e-01 5.000000000000000278e-02
9.729729729729729826e+00 -5.510945371645228352e-01 5.000000000000000278e-02
9.739739739739739832e+00 -5.086948393819837877e-01 5.000000000000000278e-02
9.749749749749749839e+00 -6.319249041917149867e-01 5.000000000000000278e-02
9.759759759759759845e+00 -4.666181642395253459e-01 5.000000000000000278e-02
9.769769769769769852e+00 -5.772561505853177621e-01 5.000000000000000278e-02
9.779779779779779858e+00 -5.489882394825699174e-01 5.000000000000000278e-02
9.789789789789789864e+00 -4.588335835503982163e-01 5.000000000000000278e-02
9.799799799799799871e+00 -6.217753128571565924e-01 5.000000000000000278e-02
9.809809809809809877e+00 -5.602242172887959004e-01 5.000000000000000278e-02
9.819819819819819884e+00 -5.143042418138431549e-01 5.000000000000000278e-02
9.829829829829829890e+00 -4.535653825005217521e-01 5.000000000000000278e-02
9.839839839839839897e+00 -3.877447672644457888e-01 5.000000000000000278e-02
9.849849849849849903e+00 -3.707905256897667257e-01 5.000000000000000278e-02
9.859859859859859910e+00 -4.548058465178872467e-01 5.000000000000000278e-02
9.869869869869869916e+00 -3.547257992877630994e-01 5.000000000000000278e-02
9.879879879879879923e+00 -3.960240614263579317e-01 5.000000000000000278e-02
9.889889889889889929e+00 -2.831420623876923504e-01 5.000000000000000278e-02
9.899899899899899935e+00 -3.537534420450705874e-01 5.000000000000000278e-02
9.909909909909909942e+00 -2.689646253872860493e-01 5.000000000000000278e-02
9.919919919919919948e+00 -3.552778942392162964e-01 5.000000000000000278e-02
9.929929929929929955e+00 -2.467264462908362044e-01 5.000000000000000278e-02
9.939939939939939961e+00 -3.354291143502640127e-01 5.000000000000000278e-02
9.949949949949949968e+00 -2.429523749679412259e-01 5.000000000000000278e-02
9.959959959959959974e+00 -3.104889625781508955e-01 5.000000000000000278e-02
9.969969969969969981e+00 -2.176157561132318063e-01 5.000000000000000278e-02
9.979979979979979987e+00 -2.305609685004907372e-01 5.000000000000000278e-02
9.989989989989989994e+00 -2.204370332384535669e-01 5.000000000000000278e-02
1.000000000000000000e+01 -1.398108726606317465e-01 5.000000000000000278e-02
