0.000000000000000000e+00 1.668432435455123297e+01 2.000000000000000000e+00
2.040816326530612290e-01 1.558929256857146406e+01 2.000000000000000000e+00
4.081632653061224580e-01 1.450988944717529705e+01 2.000000000000000000e+00
6.122448979591836871e-01 1.684905251773447432e+01 2.000000000000000000e+00
8.163265306122449161e-01 1.806289268979634599e+01 2.000000000000000000e+00
1.020408163265306145e+00 2.067891653040462430e+01 2.000000000000000000e+00
1.224489795918367374e+00 2.221242654251075521e+01 2.000000000000000000e+00
1.428571428571428603e+00 2.335564194504397051e+01 2.000000000000000000e+00
1.632653061224489832e+00 2.290568042849019292e+01 2.000000000000000000e+00
1.836734693877551061e+00 2.481039033788438530e+01 2.000000000000000000e+00
2.040816326530612290e+00 2.211250606531457663e+01 2.000000000000000000e+00
2.244897959183673741e+00 2.661488008554521656e+01 2.000000000000000000e+00
2.448979591836734748e+00 2.556726126780282371e+01 2.000000000000000000e+00
2.653061224489795755e+00 2.435200355363265956e+01 2.000000000000000000e+00
2.857142857142857206e+00 2.631795194097470159e+01 2.000000000000000000e+00
3.061224489795918657e+00 2.555728001400028759e+01 2.000000000000000000e+00
3.265306122448979664e+00 2.828547367300840065e+01 2.000000000000000000e+00
3.469387755102040671e+00 2.928931094834799609e+01 2.000000000000000000e+00
3.673469387755102122e+00 3.074228538566248403e+01 2.000000000000000000e+00
3.877551020408163573e+00 2.360164429595075219e+01 2.000000000000000000e+00
4.081632653061224580e+00 2.347434122198310646e+01 2.000000000000000000e+00
4.285714285714285587e+00 2.533768998485759028e+01 2.000000000000000000e+00
4.489795918367347483e+00 2.675175317202065628e+01 2.000000000000000000e+00
4.693877551020408490e+00 2.844554465141162325e+01 2.000000000000000000e+00
4.897959183673469497e+00 2.780654692098683256e+01 2.000000000000000000e+00
5.102040816326530503e+00 2.383196175762816083e+01 2.000000000000000000e+00
5.306122448979591510e+00 2.813514660702184145e+01 2.000000000000000000e+00
5.510204081632653406e+00 3.135965395520306842e+01 2.000000000000000000e+00
5.714285714285714413e+00 3.110413847334384840e+01 2.000000000000000000e+00
5.918367346938775420e+00 3.299921313983268334e+01 2.000000000000000000e+00
6.122448979591837315e+00 3.168715310454376421e+01 2.000000000000000000e+00
6.326530612244898322e+00 3.218522881085913667e+01 2.000000000000000000e+00
6.530612244897959329e+00 3.322568926952639146e+01 2.000000000000000000e+00
6.734693877551020336e+00 3.379471967854124159e+01 2.000000000000000000e+00
6.938775510204081343e+00 3.341705405305933851e+01 2.000000000000000000e+00
7.142857142857143238e+00 3.330781474150953869e+01 2.000000000000000000e+00
7.346938775510204245e+00 3.186593950163365463e+01 2.000000000000000000e+00
7.551020408163265252e+00 3.427273040398575432e+01 2.000000000000000000e+00
7.755102040816327147e+00 3.432486399701132740e+01 2.000000000000000000e+00
7.959183673469388154e+00 3.722666176066871202e+01 2.000000000000000000e+00
8.163265306122449161e+00 3.862429963450227177e+01 2.000000000000000000e+00
8.367346938775510168e+00 3.824649246940036562e+01 2.000000000000000000e+00
8.571428571428571175e+00 3.914514317501431862e+01 2.000000000000000000e+00
8.775510204081632182e+00 4.094263547953801208e+01 2.000000000000000000e+00
8.979591836734694965e+00 4.559041048659913287e+01 2.000000000000000000e+00
9.183673469387755972e+00 4.748360393059489581e+01 2.000000000000000000e+00
9.387755102040816979e+00 4.913714104990643250e+01 2.000000000000000000e+00
9.591836734693877986e+00 5.217091269411151444e+01 2.000000000000000000e+00
9.795918367346938993e+00 5.274209849745633960e+01 2.000000000000000000e+00
1.000000000000000000e+01 5.683376009167977116e+01 2.000000000000000000e+00
