-9.724472283677274564e-01 3.990670723339428960e-02 9.730574587660872909e-02
-9.249950615630901929e-01 1.230439610618121460e-01 8.920231853901228192e-02
-8.490340564462577344e-01 -7.108378514490720779e-02 9.851391248855290161e-02
-8.414406875326523316e-01 5.852780175200855695e-02 8.090770556326512541e-02
-7.943351993052079063e-01 4.423634925807196083e-02 9.649244132970945242e-02
-7.699114953172658815e-01 1.495676375926466850e-01 9.143692782074852587e-02
-7.545198917987099296e-01 1.624660088826780369e-01 8.392719395077893885e-02
-7.274722041474934731e-01 1.565531825122902232e-01 7.980702164521369379e-02
-7.255662742512301033e-01 2.178656927090435458e-01 8.183985639432898862e-02
-7.051130806602150525e-01 1.597227254218833714e-01 9.587947152063361345e-02
-6.813645788763365019e-01 2.074718023313414372e-01 9.955732577372078396e-02
-6.301689444925098194e-01 2.283804819433863376e-01 9.038523750179243421e-02
-6.288494503629213916e-01 4.895783342530157789e-03 9.357807787824005963e-02
-6.026051019202356418e-01 1.072955661524099824e-03 8.250699846491492406e-02
-5.548791540103261699e-01 2.293491524047638341e-01 9.577874104090909613e-02
-5.469553007594361027e-01 1.282640364491783869e-01 8.568355168938329713e-02
-5.325468195557485629e-01 1.962050092622539266e-01 7.850892398581173215e-02
-5.275490638176674185e-01 1.306222152756125743e-01 9.317630798635875844e-02
-5.079853927363646715e-01 -5.917283789250271653e-03 9.485669155780582229e-02
-4.936878831404414303e-01 -5.180641621452997114e-02 9.515022066830447489e-02
-4.926466598172996036e-01 -1.072955661523988802e-03 9.508639905692267691e-02
-4.907488959267540807e-01 1.005438822086923700e-01 7.891242291414087007e-02
-4.667553552674945649e-01 7.296481861205883490e-02 9.671738889975307896e-02
-4.248773803382022152e-01 -1.107229045330304640e-02 9.488889894365040711e-02
-4.183398770475437178e-01 3.272574272904772430e-01 9.416208379534572737e-02
-3.804095260762112574e-01 1.594306103144804698e-02 8.850767001808243495e-02
-3.551711363428022850e-01 -2.867445165393744944e-02 9.225761576774579864e-02
-3.518353720771947302e-01 -5.296135040102945002e-02 9.383529026940755358e-02
-3.243165054704899575e-01 -5.335689813725008612e-03 9.622364377935421764e-02
-2.700695040422456117e-01 1.683306318824165926e-01 7.691564411201827489e-02
-2.567427107071709180e-01 1.045941235904928046e-01 8.847488865275075776e-02
-2.268013939158599612e-01 4.406323998230965433e-02 9.205547848578192471e-02
-1.612522283046680105e-01 -5.334010228093755135e-02 7.738898741206193255e-02
-1.318114202786893063e-01 -2.205360358635622409e-01 9.326216340963619511e-02
-1.295007149033675642e-01 -1.004328256613998827e-01 9.010933734073883761e-02
-1.011689417238850197e-01 -3.161359295707566464e-01 7.539718948244371333e-02
-3.381097486874184987e-02 -3.448676686284560255e-01 9.437915467568661065e-02
5.953069700873703241e-02 -6.235557348191174132e-01 9.150483554844018874e-02
7.688514287067094166e-02 -4.461483666535691617e-01 8.496724629322070788e-02
1.010151732647646128e-01 -3.886366310711977246e-01 9.951310674798599654e-02
1.296853742254664432e-01 -3.085980988532050495e-01 7.967042914205466064e-02
1.388141809765637280e-01 -4.052455287843456100e-01 8.235206486627914824e-02
2.001813641117462517e-01 -2.115889999652067477e-01 8.669276808349793417e-02
2.272644557392882181e-01 -1.764094600914180022e-01 9.625259792210147380e-02
2.542172901798629425e-01 -8.356086759714298484e-02 7.991310012042950051e-02
3.899947961414660380e-01 -1.172850131183400535e-03 7.861578418371864552e-02
3.978506639126135891e-01 -6.308552073121642678e-03 9.329191357559341036e-02
4.231761335392483225e-01 3.238193282036760934e-02 9.519532570218176837e-02
4.333120145178388505e-01 2.282702887856058460e-02 8.412765068171407234e-02
4.452085687596747388e-01 1.463020126190583969e-02 9.478062307148032994e-02
4.613849726920402627e-01 2.291690430132486966e-02 8.137011971292738843e-02
5.365310148549931046e-01 3.737011680157664717e-02 8.760638496462198888e-02
5.434450531359573677e-01 1.110136850873791881e-01 8.958404529941926819e-02
5.765810857867987860e-01 1.045308470089096886e-01 9.506156455577784159e-02
5.766214012768986485e-01 -7.036574590602173718e-02 8.467584717721460263e-02
6.637923972743395851e-01 -6.371430882248618754e-02 8.644878384817238082e-02
6.907442851753398116e-01 -5.214881104192559125e-02 7.986640193145648492e-02
7.144411961484380402e-01 2.494511608670532121e-01 9.415905811704658457e-02
7.188624566262824533e-01 -1.659293530922241744e-01 8.796203671691588122e-02
7.538627322476021408e-01 3.921697694902437359e-02 7.643413624016086316e-02
7.985077661344446298e-01 -1.114587818963116428e-01 8.751415382477992222e-02
8.331159317989833557e-01 -6.332023627251026632e-02 8.270716466535105171e-02
8.414068777988377157e-01 -8.403015066450791881e-02 7.845707945257758553e-02
8.532465856104813895e-01 2.647641842436421200e-02 9.698374638104866052e-02
8.998987744596138594e-01 -8.548119720142532962e-02 9.455950077044011914e-02
9.071933136600212055e-01 -1.572898757859708674e-02 7.750447887995398633e-02
9.291866628342813073e-01 -5.073289563911398403e-02 9.044724013818949970e-02
9.433423280892401230e-01 3.119904511528748259e-02 9.516266966276357153e-02
9.511938951861733660e-01 -2.085655106295853933e-01 8.620791551163142774e-02
9.913890417289294987e-01 -3.693697592459055379e-02 8.366677638734260070e-02
