0.000000000000000000e+00 1.790362536605868859e+00 5.000000000000000278e-02
1.001001001001000992e-02 1.857643929919410075e+00 5.000000000000000278e-02
2.002002002002001985e-02 1.684080359892714540e+00 5.000000000000000278e-02
3.003003003003002977e-02 1.807642352568548549e+00 5.000000000000000278e-02
4.004004004004003969e-02 1.732928885779327688e+00 5.000000000000000278e-02
5.005005005005004615e-02 1.741721718369788174e+00 5.000000000000000278e-02
6.006006006006005954e-02 1.934741576094841431e+00 5.000000000000000278e-02
7.007007007007007293e-02 1.848336168513617483e+00 5.000000000000000278e-02
8.008008008008007939e-02 1.910407889587336872e+00 5.000000000000000278e-02
9.009009009009008584e-02 1.820082089651698709e+00 5.000000000000000278e-02
1.001001001001000923e-01 1.852434760423261384e+00 5.000000000000000278e-02
1.101101101101101126e-01 1.794330847880017288e+00 5.000000000000000278e-02
1.201201201201201191e-01 1.776217946856946117e+00 5.000000000000000278e-02
1.301301301301301394e-01 1.784560446445093929e+00 5.000000000000000278e-02
1.401401401401401459e-01 1.776443725722328670e+00 5.000000000000000278e-02
1.501501501501501523e-01 1.825385362628710872e+00 5.000000000000000278e-02
1.601601601601601588e-01 1.714500982342425983e+00 5.000000000000000278e-02
1.701701701701701652e-01 1.715858522806102515e+00 5.000000000000000278e-02
1.801801801801801717e-01 1.653452485410525696e+00 5.000000000000000278e-02
1.901901901901901781e-01 1.639886793668355214e+00 5.000000000000000278e-02
2.002002002002001846e-01 1.530372952336470860e+00 5.000000000000000278e-02
2.102102102102102188e-01 1.610780449230757139e+00 5.000000000000000278e-02
2.202202202202202252e-01 1.487495555180660789e+00 5.000000000000000278e-02
2.302302302302302317e-01 1.470070397846667598e+00 5.000000000000000278e-02
2.402402402402402382e-01 1.408954978345395848e+00 5.000000000000000278e-02
2.502502502502502724e-01 1.417884402715393177e+00 5.000000000000000278e-02
2.602602602602602788e-01 1.341166024810564128e+00 5.000000000000000278e-02
2.702702702702702853e-01 1.259732570855107481e+00 5.000000000000000278e-02
2.802802802802802917e-01 1.209545283700651286e+00 5.000000000000000278e-02
2.902902902902902982e-01 1.157546930076947644e+00 5.000000000000000278e-02
3.003003003003003046e-01 1.115814138473546269e+00 5.000000000000000278e-02
3.103103103103103111e-01 1.039154203291705159e+00 5.000000000000000278e-02
3.203203203203203175e-01 1.012265603846985940e+00 5.000000000000000278e-02
3.303303303303303240e-01 9.616978777863097738e-01 5.000000000000000278e-02
3.403403403403403304e-01 8.430299576183929444e-01 5.000000000000000278e-02
3.503503503503503369e-01 6.766633661513765663e-01 5.000000000000000278e-02
3.603603603603603434e-01 7.598237634493363313e-01 5.000000000000000278e-02
3.703703703703703498e-01 7.089119134618602214e-01 5.000000000000000278e-02
3.803803803803803563e-01 5.117450389788661402e-01 5.000000000000000278e-02
3.903903903903903627e-01 4.375220368607075638e-01 5.000000000000000278e-02
4.004004004004003692e-01 2.834781560211065976e-01 5.000000000000000278e-02
4.104104104104104311e-01 3.537084079803289871e-01 5.000000000000000278e-02
4.204204204204204376e-01 1.929745914495935577e-01 5.000000000000000278e-02
4.304304304304304440e-01 2.639337539579246217e-01 5.000000000000000278e-02
4.404404404404404505e-01 -2.167061812555844125e-02 5.000000000000000278e-02
4.504504504504504570e-01 3.634272934439008312e-02 5.000000000000000278e-02
4.604604604604604634e-01 -2.082170034685255910e-03 5.000000000000000278e-02
4.704704704704704699e-01 -1.233702193164618044e-01 5.000000000000000278e-02
4.804804804804804763e-01 -2.092820019376017693e-01 5.000000000000000278e-02
4.904904904904904828e-01 -2.219857604352014624e-01 5.000000000000000278e-02
5.005005005005005447e-01 -3.243540644727875844e-01 5.000000000000000278e-02
5.105105105105105512e-01 -3.771700545930808390e-01 5.000000000000000278e-02
5.205205205205205576e-01 -4.224404466485856546e-01 5.000000000000000278e-02
5.305305305305305641e-01 -5.071767399749725902e-01 5.000000000000000278e-02
5.405405405405405705e-01 -5.478805772667711960e-01 5.000000000000000278e-02
5.505505505505505770e-01 -5.526116700401568771e-01 5.000000000000000278e-02
5.605605605605605835e-01 -6.652606054814048653e-01 5.000000000000000278e-02
5.705705705705705899e-01 -6.894529930331458889e-01 5.000000000000000278e-02
5.805805805805805964e-01 -7.858683981686885867e-01 5.000000000000000278e-02
5.905905905905906028e-01 -7.510627669109418703e-01 5.000000000000000278e-02
6.006006006006006093e-01 -9.080650880954898030e-01 5.000000000000000278e-02
6.106106106106106157e-01 -8.412705888393322562e-01 5.000000000000000278e-02
6.206206206206206222e-01 -1.084267685870162978e+00 5.000000000000000278e-02
6.306306306306306286e-01 -1.020796273655587560e+00 5.000000000000000278e-02
6.406406406406406351e-01 -1.095627400337187973e+00 5.000000000000000278e-02
6.506506506506506415e-01 -1.004994384944495556e+00 5.000000000000000278e-02
6.606606606606606480e-01 -1.080530011814511582e+00 5.000000000000000278e-02
6.706706706706706544e-01 -1.196653414426259943e+00 5.000000000000000278e-02
6.806806806806806609e-01 -1.195769765380201299e+00 5.000000000000000278e-02
6.906906906906906674e-01 -1.135167850409509294e+00 5.000000000000000278e-02
7.007007007007006738e-01 -1.239428270874149085e+00 5.000000000000000278e-02
7.107107107107106803e-01 -1.241721049991852288e+00 5.000000000000000278e-02
7.207207207207206867e-01 -1.377767137991537716e+00 5.000000000000000278e-02
7.307307307307306932e-01 -1.409454720699031327e+00 5.000000000000000278e-02
7.407407407407406996e-01 -1.336890009455927508e+00 5.000000000000000278e-02
7.507507507507507061e-01 -1.280854692734825440e+00 5.000000000000000278e-02
7.607607607607607125e-01 -1.453371406785153308e+00 5.000000000000000278e-02
7.707707707707707190e-01 -1.426612864627361033e+00 5.000000000000000278e-02
7.807807807807807254e-01 -1.532787090607248714e+00 5.000000000000000278e-02
7.907907907907907319e-01 -1.451987164762891025e+00 5.000000000000000278e-02
8.008008008008007383e-01 -1.565935893741469132e+00 5.000000000000000278e-02
8.108108108108108558e-01 -1.593266274680337657e+00 5.000000000000000278e-02
8.208208208208208623e-01 -1.694062250673954440e+00 5.000000000000000278e-02
8.308308308308308687e-01 -1.647801961262699955e+00 5.000000000000000278e-02
8.408408408408408752e-01 -1.644909749235241803e+00 5.000000000000000278e-02
8.508508508508508816e-01 -1.612024514780010742e+00 5.000000000000000278e-02
8.608608608608608881e-01 -1.765869766765365334e+00 5.000000000000000278e-02
8.708708708708708945e-01 -1.683716875347410324e+00 5.000000000000000278e-02
8.808808808808809010e-01 -1.774907211377450222e+00 5.000000000000000278e-02
8.908908908908909074e-01 -1.796390000893140160e+00 5.000000000000000278e-02
9.009009009009009139e-01 -1.852786055559141776e+00 5.000000000000000278e-02
9.109109109109109204e-01 -1.912897324907987917e+00 5.000000000000000278e-02
9.209209209209209268e-01 -1.909879204116459617e+00 5.000000000000000278e-02
9.309309309309309333e-01 -1.788075228163938490e+00 5.000000000000000278e-02
9.409409409409409397e-01 -1.947751529893593236e+00 5.000000000000000278e-02
9.509509509509509462e-01 -1.927327366934203479e+00 5.000000000000000278e-02
9.609609609609609526e-01 -1.866016620857327668e+00 5.000000000000000278e-02
9.709709709709709591e-01 -2.040993157650630607e+00 5.000000000000000278e-02
9.809809809809809655e-01 -1.925255726628299247e+00 5.000000000000000278e-02
9.909909909909909720e-01 -1.983183950154643549e+00 5.000000000000000278e-02
1.001001001001001089e+00 -1.956242895162683570e+00 5.000000000000000278e-02
1.011011011011011096e+00 -1.927964555631012988e+00 5.000000000000000278e-02
1.021021021021021102e+00 -1.982139632313830058e+00 5.000000000000000278e-02
1.031031031031031109e+00 -1.985156707180824487e+00 5.000000000000000278e-02
1.041041041041041115e+00 -1.937210689784320872e+00 5.000000000000000278e-02
1.051051051051051122e+00 -1.937165301226089209e+00 5.000000000000000278e-02
1.061061061061061128e+00 -1.997858954230819828e+00 5.000000000000000278e-02
1.071071071071071135e+00 -1.961318785719939450e+00 5.000000000000000278e-02
1.081081081081081141e+00 -2.006364769215124078e+00 5.000000000000000278e-02
1.091091091091091148e+00 -1.858979004782697952e+00 5.000000000000000278e-02
1.101101101101101154e+00 -1.965665541127628480e+00 5.000000000000000278e-02
1.111111111111111160e+00 -1.874538392789443009e+00 5.000000000000000278e-02
1.121121121121121167e+00 -1.772497924128430657e+00 5.000000000000000278e-02
1.131131131131131173e+00 -1.792672108461259128e+00 5.000000000000000278e-02
1.141141141141141180e+00 -1.817974751283123691e+00 5.000000000000000278e-02
1.151151151151151186e+00 -1.807754247274721449e+00 5.000000000000000278e-02
1.161161161161161193e+00 -1.768093715225074858e+00 5.000000000000000278e-02
1.171171171171171199e+00 -1.653837483566129585e+00 5.000000000000000278e-02
1.181181181181181206e+00 -1.643566246749860627e+00 5.000000000000000278e-02
1.191191191191191212e+00 -1.619548440211451279e+00 5.000000000000000278e-02
1.201201201201201219e+00 -1.445840311987026450e+00 5.000000000000000278e-02
1.211211211211211225e+00 -1.572993206355387974e+00 5.000000000000000278e-02
1.221221221221221231e+00 -1.509380408616683766e+00 5.000000000000000278e-02
1.231231231231231238e+00 -1.455968182265907629e+00 5.000000000000000278e-02
1.241241241241241244e+00 -1.377539441318327729e+00 5.000000000000000278e-02
1.251251251251251251e+00 -1.323216554054522875e+00 5.000000000000000278e-02
1.261261261261261257e+00 -1.301920568644517662e+00 5.000000000000000278e-02
1.271271271271271264e+00 -1.200586000385033936e+00 5.000000000000000278e-02
1.281281281281281270e+00 -1.159351425827120918e+00 5.000000000000000278e-02
1.291291291291291277e+00 -1.150367165444578399e+00 5.000000000000000278e-02
1.301301301301301283e+00 -1.207063899634008619e+00 5.000000000000000278e-02
1.311311311311311290e+00 -9.943922444203902034e-01 5.000000000000000278e-02
1.321321321321321296e+00 -1.031666627871547615e+00 5.000000000000000278e-02
1.331331331331331302e+00 -9.678216237399310806e-01 5.000000000000000278e-02
1.341341341341341309e+00 -8.943432876491215211e-01 5.000000000000000278e-02
1.351351351351351315e+00 -9.021101413242071931e-01 5.000000000000000278e-02
1.361361361361361322e+00 -8.350591448048939602e-01 5.000000000000000278e-02
1.371371371371371328e+00 -7.473391285671990847e-01 5.000000000000000278e-02
1.381381381381381335e+00 -7.254958624572739323e-01 5.000000000000000278e-02
1.391391391391391341e+00 -6.516043245811483642e-01 5.000000000000000278e-02
1.401401401401401348e+00 -6.713185859185686333e-01 5.000000000000000278e-02
1.411411411411411354e+00 -6.028148309187180143e-01 5.000000000000000278e-02
1.421421421421421361e+00 -6.089479484793077768e-01 5.000000000000000278e-02
1.431431431431431367e+00 -5.368376695403241916e-01 5.000000000000000278e-02
1.441441441441441373e+00 -4.768895535050406420e-01 5.000000000000000278e-02
1.451451451451451380e+00 -4.742719556520168522e-01 5.000000000000000278e-02
1.461461461461461386e+00 -5.064178967120825936e-01 5.000000000000000278e-02
1.471471471471471393e+00 -4.191430602118122462e-01 5.000000000000000278e-02
1.481481481481481399e+00 -3.791400968519249570e-01 5.000000000000000278e-02
1.491491491491491406e+00 -3.087949084519282517e-01 5.000000000000000278e-02
1.501501501501501412e+00 -3.482816085537414064e-01 5.000000000000000278e-02
1.511511511511511419e+00 -3.494870454705497620e-01 5.000000000000000278e-02
1.521521521521521425e+00 -3.720276072203420603e-01 5.000000000000000278e-02
1.531531531531531432e+00 -2.002486934542782593e-01 5.000000000000000278e-02
1.541541541541541438e+00 -3.352141301901603310e-01 5.000000000000000278e-02
1.551551551551551444e+00 -3.336663359822128472e-01 5.000000000000000278e-02
1.561561561561561451e+00 -2.757818967703810631e-01 5.000000000000000278e-02
1.571571571571571457e+00 -3.517025148961407943e-01 5.000000000000000278e-02
1.581581581581581464e+00 -2.004647368561015552e-01 5.000000000000000278e-02
1.591591591591591470e+00 -2.397013678853983643e-01 5.000000000000000278e-02
1.601601601601601477e+00 -2.200917026131568865e-01 5.000000000000000278e-02
1.611611611611611705e+00 -2.901249716415782998e-01 5.000000000000000278e-02
1.621621621621621712e+00 -2.640268609536171596e-01 5.000000000000000278e-02
1.631631631631631718e+00 -1.938693476063334531e-01 5.000000000000000278e-02
1.641641641641641725e+00 -1.902428673580263685e-01 5.000000000000000278e-02
1.651651651651651731e+00 -9.287592278967057857e-02 5.000000000000000278e-02
1.661661661661661737e+00 -1.793174198945973186e-01 5.000000000000000278e-02
1.671671671671671744e+00 -3.287776179108158336e-01 5.000000000000000278e-02
1.681681681681681750e+00 -2.299319126449206052e-01 5.000000000000000278e-02
1.691691691691691757e+00 -2.527695325545368243e-01 5.000000000000000278e-02
1.701701701701701763e+00 -1.803076790478087277e-01 5.000000000000000278e-02
1.711711711711711770e+00 -2.399193864950520116e-01 5.000000000000000278e-02
1.721721721721721776e+00 -2.113544577079364273e-01 5.000000000000000278e-02
1.731731731731731783e+00 -2.520669661498249337e-01 5.000000000000000278e-02
1.741741741741741789e+00 -2.057989319093739278e-01 5.000000000000000278e-02
1.751751751751751796e+00 -1.631505535307508636e-01 5.000000000000000278e-02
1.761761761761761802e+00 -2.666737825896516312e-01 5.000000000000000278e-02
1.771771771771771808e+00 -3.374637158012188110e-01 5.000000000000000278e-02
1.781781781781781815e+00 -2.866030931211548949e-01 5.000000000000000278e-02
1.791791791791791821e+00 -1.558337011658182947e-01 5.000000000000000278e-02
1.801801801801801828e+00 -2.215954412911190774e-01 5.000000000000000278e-02
1.811811811811811834e+00 -2.459309743291042405e-01 5.000000000000000278e-02
1.821821821821821841e+00 -2.775193299598550656e-01 5.000000000000000278e-02
1.831831831831831847e+00 -1.747742877987551180e-01 5.000000000000000278e-02
1.841841841841841854e+00 -2.104835626575321250e-01 5.000000000000000278e-02
1.851851851851851860e+00 -2.278843520612297280e-01 5.000000000000000278e-02
1.861861861861861867e+00 -2.464399202406943046e-01 5.000000000000000278e-02
1.871871871871871873e+00 -2.240261056132305806e-01 5.000000000000000278e-02
1.881881881881881879e+00 -2.289154140652328862e-01 5.000000000000000278e-02
1.891891891891891886e+00 -1.807812286108227418e-01 5.000000000000000278e-02
1.901901901901901892e+00 -1.420190919553266928e-01 5.000000000000000278e-02
1.911911911911911899e+00 -2.998132812990839113e-01 5.000000000000000278e-02
1.921921921921921905e+00 -2.705185638014450111e-01 5.000000000000000278e-02
1.931931931931931912e+00 -1.987389807559170607e-01 5.000000000000000278e-02
1.941941941941941918e+00 -1.857767881867827819e-01 5.000000000000000278e-02
1.951951951951951925e+00 -2.632293774819153276e-01 5.000000000000000278e-02
1.961961961961961931e+00 -2.125931028510195109e-01 5.000000000000000278e-02
1.971971971971971938e+00 -1.975597895613500632e-01 5.000000000000000278e-02
1.981981981981981944e+00 -1.956160392533604075e-01 5.000000000000000278e-02
1.991991991991991950e+00 -1.927185709420065896e-01 5.000000000000000278e-02
2.002002002002002179e+00 -1.700345023194043403e-01 5.000000000000000278e-02
2.012012012012012185e+00 -1.178907274863499610e-01 5.000000000000000278e-02
2.022022022022022192e+00 -1.216577371567334476e-01 5.000000000000000278e-02
2.032032032032032198e+00 -1.258487861780875627e-01 5.000000000000000278e-02
2.042042042042042205e+00 -1.388120542127192214e-01 5.000000000000000278e-02
2.052052052052052211e+00 -1.857934513130035659e-01 5.000000000000000278e-02
2.062062062062062218e+00 -1.718999214924772923e-01 5.000000000000000278e-02
2.072072072072072224e+00 -1.111969824670799301e-01 5.000000000000000278e-02
2.082082082082082231e+00 -1.386437943937695594e-01 5.000000000000000278e-02
2.092092092092092237e+00 -1.033671938199752227e-01 5.000000000000000278e-02
2.102102102102102243e+00 -1.295170078345590503e-01 5.000000000000000278e-02
2.112112112112112250e+00 -1.396825426690356808e-01 5.000000000000000278e-02
2.122122122122122256e+00 -1.211558018451707464e-01 5.000000000000000278e-02
2.132132132132132263e+00 -2.212538387564878806e-01 5.000000000000000278e-02
2.142142142142142269e+00 -1.538505755714289491e-01 5.000000000000000278e-02
2.152152152152152276e+00 -1.775120629395242067e-01 5.000000000000000278e-02
2.162162162162162282e+00 -1.086734185350057835e-01 5.000000000000000278e-02
2.172172172172172289e+00 -1.879853617757584194e-01 5.000000000000000278e-02
2.182182182182182295e+00 -1.468792300053753108e-01 5.000000000000000278e-02
2.192192192192192302e+00 -1.847975740253223198e-01 5.000000000000000278e-02
2.202202202202202308e+00 -1.449600350677703042e-01 5.000000000000000278e-02
2.212212212212212314e+00 -1.387970803144924770e-01 5.000000000000000278e-02
2.222222222222222321e+00 -1.917826857948929375e-01 5.000000000000000278e-02
2.232232232232232327e+00 -1.832706612026048509e-01 5.000000000000000278e-02
2.242242242242242334e+00 -1.874158530614521423e-01 5.000000000000000278e-02
2.252252252252252340e+00 -1.657012427581503189e-01 5.000000000000000278e-02
2.262262262262262347e+00 -2.294915827633231542e-01 5.000000000000000278e-02
2.272272272272272353e+00 -2.202177343108543128e-01 5.000000000000000278e-02
2.282282282282282360e+00 -2.529857865392939331e-01 5.000000000000000278e-02
2.292292292292292366e+00 -2.894145897485431718e-01 5.000000000000000278e-02
2.302302302302302373e+00 -2.425402576405818189e-01 5.000000000000000278e-02
2.312312312312312379e+00 -2.400660456658180453e-01 5.000000000000000278e-02
2.322322322322322385e+00 -3.119196478547509033e-01 5.000000000000000278e-02
2.332332332332332392e+00 -2.026609446887879251e-01 5.000000000000000278e-02
2.342342342342342398e+00 -3.286623598411061997e-01 5.000000000000000278e-02
2.352352352352352405e+00 -2.634766663311408630e-01 5.000000000000000278e-02
2.362362362362362411e+00 -2.911962840206894221e-01 5.000000000000000278e-02
2.372372372372372418e+00 -4.038720035581710444e-01 5.000000000000000278e-02
2.382382382382382424e+00 -3.279229449383926909e-01 5.000000000000000278e-02
2.392392392392392431e+00 -4.126182942782311569e-01 5.000000000000000278e-02
2.402402402402402437e+00 -3.456394416812689219e-01 5.000000000000000278e-02
2.412412412412412444e+00 -3.118803769311571106e-01 5.000000000000000278e-02
2.422422422422422450e+00 -2.575211771035543218e-01 5.000000000000000278e-02
2.432432432432432456e+00 -3.136546394959130457e-01 5.000000000000000278e-02
2.442442442442442463e+00 -4.308938841745442727e-01 5.000000000000000278e-02
2.452452452452452469e+00 -3.722260349894413456e-01 5.000000000000000278e-02
2.462462462462462476e+00 -2.780173912374874767e-01 5.000000000000000278e-02
2.472472472472472482e+00 -3.408697853800404798e-01 5.000000000000000278e-02
2.482482482482482489e+00 -2.564432354494171062e-01 5.000000000000000278e-02
2.492492492492492495e+00 -3.741530631543801833e-01 5.000000000000000278e-02
2.502502502502502502e+00 -3.567460108095714677e-01 5.000000000000000278e-02
2.512512512512512508e+00 -3.852943096449634175e-01 5.000000000000000278e-02
2.522522522522522515e+00 -3.236178761596893994e-01 5.000000000000000278e-02
2.532532532532532521e+00 -2.259252348846105540e-01 5.000000000000000278e-02
2.542542542542542527e+00 -3.174286913656685361e-01 5.000000000000000278e-02
2.552552552552552534e+00 -2.089106309786106230e-01 5.000000000000000278e-02
2.562562562562562540e+00 -2.050888822309591131e-01 5.000000000000000278e-02
2.572572572572572547e+00 -1.635241976433148003e-01 5.000000000000000278e-02
2.582582582582582553e+00 -1.884611767344141209e-01 5.000000000000000278e-02
2.592592592592592560e+00 -1.444013380000115643e-01 5.000000000000000278e-02
2.602602602602602566e+00 -6.212940034967417979e-03 5.000000000000000278e-02
2.612612612612612573e+00 -1.408980458946331726e-01 5.000000000000000278e-02
2.622622622622622579e+00 -3.218759036019994135e-03 5.000000000000000278e-02
2.632632632632632586e+00 7.439769706661163162e-02 5.000000000000000278e-02
2.642642642642642592e+00 6.313538844498332858e-02 5.000000000000000278e-02
2.652652652652652598e+00 1.670090191101532284e-01 5.000000000000000278e-02
2.662662662662662605e+00 -1.812664566432845015e-02 5.000000000000000278e-02
2.672672672672672611e+00 1.633540279762543956e-01 5.000000000000000278e-02
2.682682682682682618e+00 1.703739518238835404e-01 5.000000000000000278e-02
2.692692692692692624e+00 2.602958788140888324e-01 5.000000000000000278e-02
2.702702702702702631e+00 3.298878058509209787e-01 5.000000000000000278e-02
2.712712712712712637e+00 4.153028291688472540e-01 5.000000000000000278e-02
2.722722722722722644e+00 4.059064919894238566e-01 5.000000000000000278e-02
2.732732732732732650e+00 5.515660655061691564e-01 5.000000000000000278e-02
2.742742742742742657e+00 4.895272976977912416e-01 5.000000000000000278e-02
2.752752752752752663e+00 6.783337113315901501e-01 5.000000000000000278e-02
2.762762762762762669e+00 6.806403497963708915e-01 5.000000000000000278e-02
2.772772772772772676e+00 6.685203045624024121e-01 5.000000000000000278e-02
2.782782782782782682e+00 7.334835480329938706e-01 5.000000000000000278e-02
2.792792792792792689e+00 7.984919717544203266e-01 5.000000000000000278e-02
2.802802802802802695e+00 9.051453081149605229e-01 5.000000000000000278e-02
2.812812812812812702e+00 1.028111018151940392e+00 5.000000000000000278e-02
2.822822822822822708e+00 1.156176860026179698e+00 5.000000000000000278e-02
2.832832832832832715e+00 1.197696415124274605e+00 5.000000000000000278e-02
2.842842842842842721e+00 1.160115882893524519e+00 5.000000000000000278e-02
2.852852852852852727e+00 1.180293746621709383e+00 5.000000000000000278e-02
2.862862862862862734e+00 1.349003794090777086e+00 5.000000000000000278e-02
2.872872872872872740e+00 1.361293048381492010e+00 5.000000000000000278e-02
2.882882882882882747e+00 1.492226405092469843e+00 5.000000000000000278e-02
2.892892892892892753e+00 1.534776091576154800e+00 5.000000000000000278e-02
2.902902902902902760e+00 1.765498275362036962e+00 5.000000000000000278e-02
2.912912912912912766e+00 1.617764532817669521e+00 5.000000000000000278e-02
2.922922922922922773e+00 1.786284947651868293e+00 5.000000000000000278e-02
2.932932932932932779e+00 1.929274575944551318e+00 5.000000000000000278e-02
2.942942942942942786e+00 1.880752574834783530e+00 5.000000000000000278e-02
2.952952952952952792e+00 1.926141278510337562e+00 5.000000000000000278e-02
2.962962962962962798e+00 2.112407609635210903e+00 5.000000000000000278e-02
2.972972972972972805e+00 1.983923869242797400e+00 5.000000000000000278e-02
2.982982982982982811e+00 2.064756675283804910e+00 5.000000000000000278e-02
2.992992992992992818e+00 2.148383792354155997e+00 5.000000000000000278e-02
3.003003003003002824e+00 2.287723280076396914e+00 5.000000000000000278e-02
3.013013013013012831e+00 2.362845257396314569e+00 5.000000000000000278e-02
3.023023023023022837e+00 2.372429756244522014e+00 5.000000000000000278e-02
3.033033033033032844e+00 2.541307722651692025e+00 5.000000000000000278e-02
3.043043043043042850e+00 2.472848601969653171e+00 5.000000000000000278e-02
3.053053053053052857e+00 2.532432717754946161e+00 5.000000000000000278e-02
3.063063063063062863e+00 2.564616665465151435e+00 5.000000000000000278e-02
3.073073073073072869e+00 2.687166361827478589e+00 5.000000000000000278e-02
3.083083083083082876e+00 2.669419235027827408e+00 5.000000000000000278e-02
3.093093093093092882e+00 2.690227647497300811e+00 5.000000000000000278e-02
3.103103103103102889e+00 2.833644499969837138e+00 5.000000000000000278e-02
3.113113113113112895e+00 2.850479069811913568e+00 5.000000000000000278e-02
3.123123123123122902e+00 2.870432295414677704e+00 5.000000000000000278e-02
3.133133133133132908e+00 2.787923148226890024e+00 5.000000000000000278e-02
3.143143143143142915e+00 2.826984675032631955e+00 5.000000000000000278e-02
3.153153153153152921e+00 2.895464972526487824e+00 5.000000000000000278e-02
3.163163163163162928e+00 2.918692711350459046e+00 5.000000000000000278e-02
3.173173173173172934e+00 2.931608776419054152e+00 5.000000000000000278e-02
3.183183183183182940e+00 2.960827726608440180e+00 5.000000000000000278e-02
3.193193193193192947e+00 3.020798069300277611e+00 5.000000000000000278e-02
3.203203203203202953e+00 2.950607330846126697e+00 5.000000000000000278e-02
3.213213213213213404e+00 3.024553202822864328e+00 5.000000000000000278e-02
3.223223223223223410e+00 3.000038961691238626e+00 5.000000000000000278e-02
3.233233233233233417e+00 3.000750120764666740e+00 5.000000000000000278e-02
3.243243243243243423e+00 3.013014626756624903e+00 5.000000000000000278e-02
3.253253253253253430e+00 3.063883150283820633e+00 5.000000000000000278e-02
3.263263263263263436e+00 3.037381870644886739e+00 5.000000000000000278e-02
3.273273273273273443e+00 2.977586088709382128e+00 5.000000000000000278e-02
3.283283283283283449e+00 3.024721003135852015e+00 5.000000000000000278e-02
3.293293293293293456e+00 3.003086671690438081e+00 5.000000000000000278e-02
3.303303303303303462e+00 3.002480800104991410e+00 5.000000000000000278e-02
3.313313313313313468e+00 2.950973831605426589e+00 5.000000000000000278e-02
3.323323323323323475e+00 2.994216393898269324e+00 5.000000000000000278e-02
3.333333333333333481e+00 2.940270304564734705e+00 5.000000000000000278e-02
3.343343343343343488e+00 2.837774131879333694e+00 5.000000000000000278e-02
3.353353353353353494e+00 2.802239206434605556e+00 5.000000000000000278e-02
3.363363363363363501e+00 2.764703324982566990e+00 5.000000000000000278e-02
3.373373373373373507e+00 2.821663477548569166e+00 5.000000000000000278e-02
3.383383383383383514e+00 2.730274223120917831e+00 5.000000000000000278e-02
3.393393393393393520e+00 2.708302243040077162e+00 5.000000000000000278e-02
3.403403403403403527e+00 2.680658052169376138e+00 5.000000000000000278e-02
3.413413413413413533e+00 2.701704171257868214e+00 5.000000000000000278e-02
3.423423423423423539e+00 2.703126287882341661e+00 5.000000000000000278e-02
3.433433433433433546e+00 2.538624673481148175e+00 5.000000000000000278e-02
3.443443443443443552e+00 2.593007480465199688e+00 5.000000000000000278e-02
3.453453453453453559e+00 2.466735741257198189e+00 5.000000000000000278e-02
3.463463463463463565e+00 2.443785732857389981e+00 5.000000000000000278e-02
3.473473473473473572e+00 2.311084271502176435e+00 5.000000000000000278e-02
3.483483483483483578e+00 2.202589400219709503e+00 5.000000000000000278e-02
3.493493493493493585e+00 2.227094208201800818e+00 5.000000000000000278e-02
3.503503503503503591e+00 2.203599625966471631e+00 5.000000000000000278e-02
3.513513513513513598e+00 1.994390162484515061e+00 5.000000000000000278e-02
3.523523523523523604e+00 2.002184257648234489e+00 5.000000000000000278e-02
3.533533533533533610e+00 1.947022978257164416e+00 5.000000000000000278e-02
3.543543543543543617e+00 1.895300391263710083e+00 5.000000000000000278e-02
3.553553553553553623e+00 1.738637187732613887e+00 5.000000000000000278e-02
3.563563563563563630e+00 1.691754188626549471e+00 5.000000000000000278e-02
3.573573573573573636e+00 1.691935307084279527e+00 5.000000000000000278e-02
3.583583583583583643e+00 1.660384138749839700e+00 5.000000000000000278e-02
3.593593593593593649e+00 1.498316532242319088e+00 5.000000000000000278e-02
3.603603603603603656e+00 1.465031518161211688e+00 5.000000000000000278e-02
3.613613613613613662e+00 1.346468733799672801e+00 5.000000000000000278e-02
3.623623623623623669e+00 1.281103589844286406e+00 5.000000000000000278e-02
3.633633633633633675e+00 1.161084288684829380e+00 5.000000000000000278e-02
3.643643643643643681e+00 1.089855656345913193e+00 5.000000000000000278e-02
3.653653653653653688e+00 9.931839662427092152e-01 5.000000000000000278e-02
3.663663663663663694e+00 9.477306851768105833e-01 5.000000000000000278e-02
3.673673673673673701e+00 9.189853229523621270e-01 5.000000000000000278e-02
3.683683683683683707e+00 7.942197027091577599e-01 5.000000000000000278e-02
3.693693693693693714e+00 7.390794681271009026e-01 5.000000000000000278e-02
3.703703703703703720e+00 5.960088391365578886e-01 5.000000000000000278e-02
3.713713713713713727e+00 5.867986200733563695e-01 5.000000000000000278e-02
3.723723723723723733e+00 3.157115973526796182e-01 5.000000000000000278e-02
3.733733733733733740e+00 3.269355663007067481e-01 5.000000000000000278e-02
3.743743743743743746e+00 3.068011702039367683e-01 5.000000000000000278e-02
3.753753753753753752e+00 1.585052976126807844e-01 5.000000000000000278e-02
3.763763763763763759e+00 2.059929837030378130e-01 5.000000000000000278e-02
3.773773773773773765e+00 1.168158861837320928e-01 5.000000000000000278e-02
3.783783783783783772e+00 -9.394769298563698801e-03 5.000000000000000278e-02
3.793793793793793778e+00 -2.694688059382025630e-02 5.000000000000000278e-02
3.803803803803803785e+00 -1.744486838269289075e-01 5.000000000000000278e-02
3.813813813813813791e+00 -2.091721483192821307e-01 5.000000000000000278e-02
3.823823823823823798e+00 -2.465010428982748469e-01 5.000000000000000278e-02
3.833833833833833804e+00 -3.696241939961699696e-01 5.000000000000000278e-02
3.843843843843843811e+00 -2.962952411041147038e-01 5.000000000000000278e-02
3.853853853853853817e+00 -4.400566642386724570e-01 5.000000000000000278e-02
3.863863863863863823e+00 -4.118212142846514601e-01 5.000000000000000278e-02
3.873873873873873830e+00 -5.248880868687021417e-01 5.000000000000000278e-02
3.883883883883883836e+00 -5.542825826621499141e-01 5.000000000000000278e-02
3.893893893893893843e+00 -6.661529438226211353e-01 5.000000000000000278e-02
3.903903903903903849e+00 -6.842183133318255894e-01 5.000000000000000278e-02
3.913913913913913856e+00 -7.364364937717389203e-01 5.000000000000000278e-02
3.923923923923923862e+00 -7.479377649876759460e-01 5.000000000000000278e-02
3.933933933933933869e+00 -7.331688701006140452e-01 5.000000000000000278e-02
3.943943943943943875e+00 -8.708999787402594839e-01 5.000000000000000278e-02
3.953953953953953881e+00 -8.893473938307775439e-01 5.000000000000000278e-02
3.963963963963963888e+00 -8.995865298345515626e-01 5.000000000000000278e-02
3.973973973973973894e+00 -9.090157803735909869e-01 5.000000000000000278e-02
3.983983983983983901e+00 -9.903647936337625080e-01 5.000000000000000278e-02
3.993993993993993907e+00 -1.034698714766747463e+00 5.000000000000000278e-02
4.004004004004004358e+00 -1.073561676979168267e+00 5.000000000000000278e-02
4.014014014014014364e+00 -1.070822474036850158e+00 5.000000000000000278e-02
4.024024024024024371e+00 -1.084180294623360519e+00 5.000000000000000278e-02
4.034034034034034377e+00 -1.153988235525670092e+00 5.000000000000000278e-02
4.044044044044044384e+00 -1.156663348867513319e+00 5.000000000000000278e-02
4.054054054054054390e+00 -1.123118063737243322e+00 5.000000000000000278e-02
4.064064064064064397e+00 -1.180720941260165802e+00 5.000000000000000278e-02
4.074074074074074403e+00 -1.224884591795221134e+00 5.000000000000000278e-02
4.084084084084084409e+00 -1.175813319306407756e+00 5.000000000000000278e-02
4.094094094094094416e+00 -1.189287416321854973e+00 5.000000000000000278e-02
4.104104104104104422e+00 -1.206603994111914657e+00 5.000000000000000278e-02
4.114114114114114429e+00 -1.214796704500153979e+00 5.000000000000000278e-02
4.124124124124124435e+00 -1.277709721049125946e+00 5.000000000000000278e-02
4.134134134134134442e+00 -1.256107264610930363e+00 5.000000000000000278e-02
4.144144144144144448e+00 -1.257897996614934621e+00 5.000000000000000278e-02
4.154154154154154455e+00 -1.273811337544829891e+00 5.000000000000000278e-02
4.164164164164164461e+00 -1.373127863980110552e+00 5.000000000000000278e-02
4.174174174174174468e+00 -1.290471399798273300e+00 5.000000000000000278e-02
4.184184184184184474e+00 -1.275437671105343451e+00 5.000000000000000278e-02
4.194194194194194480e+00 -1.270982786564353040e+00 5.000000000000000278e-02
4.204204204204204487e+00 -1.312676819053937516e+00 5.000000000000000278e-02
4.214214214214214493e+00 -1.297496106545374062e+00 5.000000000000000278e-02
4.224224224224224500e+00 -1.390353022169795061e+00 5.000000000000000278e-02
4.234234234234234506e+00 -1.375004884981210429e+00 5.000000000000000278e-02
4.244244244244244513e+00 -1.448517513284419023e+00 5.000000000000000278e-02
4.254254254254254519e+00 -1.310803849537600430e+00 5.000000000000000278e-02
4.264264264264264526e+00 -1.217044902973126508e+00 5.000000000000000278e-02
4.274274274274274532e+00 -1.209406580302197387e+00 5.000000000000000278e-02
4.284284284284284539e+00 -1.351846365077713052e+00 5.000000000000000278e-02
4.294294294294294545e+00 -1.260924455153815016e+00 5.000000000000000278e-02
4.304304304304304551e+00 -1.228328576734582400e+00 5.000000000000000278e-02
4.314314314314314558e+00 -1.304174218983802591e+00 5.000000000000000278e-02
4.324324324324324564e+00 -1.384701036565544996e+00 5.000000000000000278e-02
4.334334334334334571e+00 -1.212209733851999927e+00 5.000000000000000278e-02
4.344344344344344577e+00 -1.298198687372845495e+00 5.000000000000000278e-02
4.354354354354354584e+00 -1.296498257338903670e+00 5.000000000000000278e-02
4.364364364364364590e+00 -1.187462914125884339e+00 5.000000000000000278e-02
4.374374374374374597e+00 -1.245488912739723730e+00 5.000000000000000278e-02
4.384384384384384603e+00 -1.222262685221264134e+00 5.000000000000000278e-02
4.394394394394394610e+00 -1.179362631947784790e+00 5.000000000000000278e-02
4.404404404404404616e+00 -1.261547882172376678e+00 5.000000000000000278e-02
4.414414414414414622e+00 -1.296957039037407000e+00 5.000000000000000278e-02
4.424424424424424629e+00 -1.201987442259897287e+00 5.000000000000000278e-02
4.434434434434434635e+00 -1.233998255610644135e+00 5.000000000000000278e-02
4.444444444444444642e+00 -1.188689969338800445e+00 5.000000000000000278e-02
4.454454454454454648e+00 -1.196843338629276721e+00 5.000000000000000278e-02
4.464464464464464655e+00 -1.245216089321248276e+00 5.000000000000000278e-02
4.474474474474474661e+00 -1.194914789007929024e+00 5.000000000000000278e-02
4.484484484484484668e+00 -1.201266664899558689e+00 5.000000000000000278e-02
4.494494494494494674e+00 -1.183370703604993412e+00 5.000000000000000278e-02
4.504504504504504681e+00 -1.159612412882129240e+00 5.000000000000000278e-02
4.514514514514514687e+00 -1.124740203235085501e+00 5.000000000000000278e-02
4.524524524524524693e+00 -1.115319209315022819e+00 5.000000000000000278e-02
4.534534534534534700e+00 -1.171618338888831268e+00 5.000000000000000278e-02
4.544544544544544706e+00 -1.056918480850874253e+00 5.000000000000000278e-02
4.554554554554554713e+00 -1.139697556901418496e+00 5.000000000000000278e-02
4.564564564564564719e+00 -9.347317278797242501e-01 5.000000000000000278e-02
4.574574574574574726e+00 -1.060282173296178021e+00 5.000000000000000278e-02
4.584584584584584732e+00 -9.999368125968776111e-01 5.000000000000000278e-02
4.594594594594594739e+00 -9.032785813916106576e-01 5.000000000000000278e-02
4.604604604604604745e+00 -9.521788562351508611e-01 5.000000000000000278e-02
4.614614614614614752e+00 -9.761164897378773464e-01 5.000000000000000278e-02
4.624624624624624758e+00 -9.531294231371584269e-01 5.000000000000000278e-02
4.634634634634634764e+00 -8.348736490406251098e-01 5.000000000000000278e-02
4.644644644644644771e+00 -7.944523036156478923e-01 5.000000000000000278e-02
4.654654654654654777e+00 -7.382855407130468617e-01 5.000000000000000278e-02
4.664664664664664784e+00 -7.295675872887438240e-01 5.000000000000000278e-02
4.674674674674674790e+00 -7.294293935120551575e-01 5.000000000000000278e-02
4.684684684684684797e+00 -6.426311952881414991e-01 5.000000000000000278e-02
4.694694694694694803e+00 -5.540014630426538522e-01 5.000000000000000278e-02
4.704704704704704810e+00 -6.249984538315558336e-01 5.000000000000000278e-02
4.714714714714714816e+00 -3.637286223024495113e-01 5.000000000000000278e-02
4.724724724724724823e+00 -5.205932046591303930e-01 5.000000000000000278e-02
4.734734734734734829e+00 -3.931291824558970638e-01 5.000000000000000278e-02
4.744744744744744835e+00 -3.168236830287007311e-01 5.000000000000000278e-02
4.754754754754754842e+00 -3.204687793568368748e-01 5.000000000000000278e-02
4.764764764764764848e+00 -3.053547438158117355e-01 5.000000000000000278e-02
4.774774774774774855e+00 -2.382665268791515079e-01 5.000000000000000278e-02
4.784784784784784861e+00 -1.612581287880872627e-01 5.000000000000000278e-02
4.794794794794794868e+00 -3.138049066674606369e-01 5.000000000000000278e-02
4.804804804804804874e+00 -1.119127938893053897e-01 5.000000000000000278e-02
4.814814814814814881e+00 -1.085789604630635341e-01 5.000000000000000278e-02
4.824824824824824887e+00 -7.647076081183447338e-02 5.000000000000000278e-02
4.834834834834834894e+00 1.051141521083820592e-02 5.000000000000000278e-02
4.844844844844844900e+00 5.965150035912605841e-02 5.000000000000000278e-02
4.854854854854854906e+00 1.210907764645346718e-01 5.000000000000000278e-02
4.864864864864864913e+00 1.121915076787388665e-01 5.000000000000000278e-02
4.874874874874874919e+00 2.425546691941653232e-01 5.000000000000000278e-02
4.884884884884884926e+00 1.251889478513660281e-01 5.000000000000000278e-02
4.894894894894894932e+00 2.244756002632135317e-01 5.000000000000000278e-02
4.904904904904904939e+00 2.541945193868579977e-01 5.000000000000000278e-02
4.914914914914914945e+00 3.616290872913985877e-01 5.000000000000000278e-02
4.924924924924924952e+00 3.715455030582885398e-01 5.000000000000000278e-02
4.934934934934934958e+00 4.622363352422986238e-01 5.000000000000000278e-02
4.944944944944944965e+00 4.342780714343251747e-01 5.000000000000000278e-02
4.954954954954954971e+00 5.746871461256484181e-01 5.000000000000000278e-02
4.964964964964964977e+00 5.826750151698421032e-01 5.000000000000000278e-02
4.974974974974974984e+00 5.535420415576007835e-01 5.000000000000000278e-02
4.984984984984984990e+00 5.267472320045631928e-01 5.000000000000000278e-02
4.994994994994994997e+00 5.825324504179256735e-01 5.000000000000000278e-02
5.005005005005005003e+00 5.934285751707661927e-01 5.000000000000000278e-02
5.015015015015015010e+00 7.603555440574261137e-01 5.000000000000000278e-02
5.025025025025025016e+00 7.614650861825507100e-01 5.000000000000000278e-02
5.035035035035035023e+00 6.834516288134369066e-01 5.000000000000000278e-02
5.045045045045045029e+00 8.628863966755715431e-01 5.000000000000000278e-02
5.055055055055055035e+00 7.730905168124283522e-01 5.000000000000000278e-02
5.065065065065065042e+00 6.923120865559511117e-01 5.000000000000000278e-02
5.075075075075075048e+00 8.749069834774942933e-01 5.000000000000000278e-02
5.085085085085085055e+00 8.987624481600035020e-01 5.000000000000000278e-02
5.095095095095095061e+00 8.445972117691088465e-01 5.000000000000000278e-02
5.105105105105105068e+00 8.078848628383262787e-01 5.000000000000000278e-02
5.115115115115115074e+00 9.209865055550379154e-01 5.000000000000000278e-02
5.125125125125125081e+00 8.378657851784235833e-01 5.000000000000000278e-02
5.135135135135135087e+00 8.640358705228881053e-01 5.000000000000000278e-02
5.145145145145145094e+00 8.879533003727051454e-01 5.000000000000000278e-02
5.155155155155155100e+00 8.769593175578750399e-01 5.000000000000000278e-02
5.165165165165165106e+00 8.336418412120152333e-01 5.000000000000000278e-02
5.175175175175175113e+00 7.972670335900690075e-01 5.000000000000000278e-02
5.185185185185185119e+00 8.778575266731157845e-01 5.000000000000000278e-02
5.195195195195195126e+00 7.179944793586898744e-01 5.000000000000000278e-02
5.205205205205205132e+00 8.318177683072117690e-01 5.000000000000000278e-02
5.215215215215215139e+00 8.133389246814958229e-01 5.000000000000000278e-02
5.225225225225225145e+00 8.088818158455503005e-01 5.000000000000000278e-02
5.235235235235235152e+00 7.449840498886668438e-01 5.000000000000000278e-02
5.245245245245245158e+00 7.536526148009919934e-01 5.000000000000000278e-02
5.255255255255255165e+00 7.599822774583238072e-01 5.000000000000000278e-02
5.265265265265265171e+00 6.440561971503301342e-01 5.000000000000000278e-02
5.275275275275275177e+00 6.738180425369553195e-01 5.000000000000000278e-02
5.285285285285285184e+00 6.636874653631977816e-01 5.000000000000000278e-02
5.295295295295295190e+00 5.539292094766934405e-01 5.000000000000000278e-02
5.305305305305305197e+00 5.410037358928466711e-01 5.000000000000000278e-02
5.315315315315315203e+00 6.381583059612599973e-01 5.000000000000000278e-02
5.325325325325325210e+00 5.807797200287241335e-01 5.000000000000000278e-02
5.335335335335335216e+00 4.607681340831182859e-01 5.000000000000000278e-02
5.345345345345345223e+00 5.029515346423476529e-01 5.000000000000000278e-02
5.355355355355355229e+00 4.556958482884751471e-01 5.000000000000000278e-02
5.365365365365365236e+00 4.738186407330018945e-01 5.000000000000000278e-02
5.375375375375375242e+00 4.288076467376660816e-01 5.000000000000000278e-02
5.385385385385385248e+00 2.181695104685823505e-01 5.000000000000000278e-02
5.395395395395395255e+00 2.931610419233179887e-01 5.000000000000000278e-02
5.405405405405405261e+00 3.457249500762094030e-01 5.000000000000000278e-02
5.415415415415415268e+00 3.276356875175654437e-01 5.000000000000000278e-02
5.425425425425425274e+00 1.842359768282955668e-01 5.000000000000000278e-02
5.435435435435435281e+00 1.233797389425831115e-01 5.000000000000000278e-02
5.445445445445445287e+00 1.685120352152719714e-01 5.000000000000000278e-02
5.455455455455455294e+00 9.477006261176271207e-02 5.000000000000000278e-02
5.465465465465465300e+00 9.814801170644174566e-02 5.000000000000000278e-02
5.475475475475475307e+00 1.320705046892451523e-02 5.000000000000000278e-02
5.485485485485485313e+00 8.383006009948525128e-02 5.000000000000000278e-02
5.495495495495495319e+00 4.864534377895846778e-02 5.000000000000000278e-02
5.505505505505505326e+00 1.856043822718754510e-02 5.000000000000000278e-02
5.515515515515515332e+00 -8.301586028964022534e-02 5.000000000000000278e-02
5.525525525525525339e+00 -1.351442861368910009e-01 5.000000000000000278e-02
5.535535535535535345e+00 -1.362629963638818387e-01 5.000000000000000278e-02
5.545545545545545352e+00 -6.808521577041949657e-02 5.000000000000000278e-02
5.555555555555555358e+00 -2.027140140251984246e-01 5.000000000000000278e-02
5.565565565565565365e+00 -9.844974111165732955e-02 5.000000000000000278e-02
5.575575575575575371e+00 -6.041128429935821442e-02 5.000000000000000278e-02
5.585585585585585378e+00 -1.975090538686028185e-01 5.000000000000000278e-02
5.595595595595595384e+00 -1.913211374112645802e-01 5.000000000000000278e-02
5.605605605605605390e+00 -1.477817904991318432e-01 5.000000000000000278e-02
5.615615615615615397e+00 -1.654544980343697624e-01 5.000000000000000278e-02
5.625625625625625403e+00 -2.555197487193476280e-01 5.000000000000000278e-02
5.635635635635635410e+00 -2.458851471962168467e-01 5.000000000000000278e-02
5.645645645645645416e+00 -2.427581426479849813e-01 5.000000000000000278e-02
5.655655655655655423e+00 -2.731290072146512204e-01 5.000000000000000278e-02
5.665665665665665429e+00 -2.411329551478323674e-01 5.000000000000000278e-02
5.675675675675675436e+00 -2.630962582073742007e-01 5.000000000000000278e-02
5.685685685685685442e+00 -2.230850648325221064e-01 5.000000000000000278e-02
5.695695695695695449e+00 -3.821564609679978797e-01 5.000000000000000278e-02
5.705705705705705455e+00 -2.450450250122509777e-01 5.000000000000000278e-02
5.715715715715715461e+00 -2.704297802411536056e-01 5.000000000000000278e-02
5.725725725725725468e+00 -3.244048396134419643e-01 5.000000000000000278e-02
5.735735735735735474e+00 -3.027880648240268702e-01 5.000000000000000278e-02
5.745745745745745481e+00 -2.801636390610230398e-01 5.000000000000000278e-02
5.755755755755755487e+00 -3.188671543858059843e-01 5.000000000000000278e-02
5.765765765765765494e+00 -3.507692949777623248e-01 5.000000000000000278e-02
5.775775775775775500e+00 -3.282638991897304237e-01 5.000000000000000278e-02
5.785785785785785507e+00 -3.808273686736177166e-01 5.000000000000000278e-02
5.795795795795795513e+00 -4.148207085290526175e-01 5.000000000000000278e-02
5.805805805805805520e+00 -3.959226652907263944e-01 5.000000000000000278e-02
5.815815815815815526e+00 -3.933249324441052686e-01 5.000000000000000278e-02
5.825825825825825532e+00 -3.475697203267625324e-01 5.000000000000000278e-02
5.835835835835835539e+00 -3.194686858585724654e-01 5.000000000000000278e-02
5.845845845845845545e+00 -3.488550561122521487e-01 5.000000000000000278e-02
5.855855855855855552e+00 -2.900344297936457982e-01 5.000000000000000278e-02
5.865865865865865558e+00 -3.689887948117827610e-01 5.000000000000000278e-02
5.875875875875875565e+00 -3.983700578243439816e-01 5.000000000000000278e-02
5.885885885885885571e+00 -4.041596222449746478e-01 5.000000000000000278e-02
5.895895895895895578e+00 -4.145553480696272386e-01 5.000000000000000278e-02
5.905905905905905584e+00 -3.865102063877713934e-01 5.000000000000000278e-02
5.915915915915915591e+00 -3.044209944914062493e-01 5.000000000000000278e-02
5.925925925925925597e+00 -4.488923084600753843e-01 5.000000000000000278e-02
5.935935935935935603e+00 -3.500060407168494869e-01 5.000000000000000278e-02
5.945945945945945610e+00 -3.808560288758449097e-01 5.000000000000000278e-02
5.955955955955955616e+00 -3.411824874943975017e-01 5.000000000000000278e-02
5.965965965965965623e+00 -4.098047954379437918e-01 5.000000000000000278e-02
5.975975975975975629e+00 -3.536854930341568615e-01 5.000000000000000278e-02
5.985985985985985636e+00 -4.189790436547022878e-01 5.000000000000000278e-02
5.995995995995995642e+00 -3.671142145615904906e-01 5.000000000000000278e-02
6.006006006006005649e+00 -5.016001319196451425e-01 5.000000000000000278e-02
6.016016016016015655e+00 -3.847170894121295648e-01 5.000000000000000278e-02
6.026026026026025662e+00 -3.782299832148749985e-01 5.000000000000000278e-02
6.036036036036035668e+00 -5.017079081460693590e-01 5.000000000000000278e-02
6.046046046046045674e+00 -3.866660758457712843e-01 5.000000000000000278e-02
6.056056056056055681e+00 -4.934392760763268160e-01 5.000000000000000278e-02
6.066066066066065687e+00 -3.951976200100506542e-01 5.000000000000000278e-02
6.076076076076075694e+00 -4.531908568441111451e-01 5.000000000000000278e-02
6.086086086086085700e+00 -4.273459130798072936e-01 5.000000000000000278e-02
6.096096096096095707e+00 -4.520426285412297296e-01 5.000000000000000278e-02
6.106106106106105713e+00 -5.398048028311154267e-01 5.000000000000000278e-02
6.116116116116115720e+00 -4.118237644213614823e-01 5.000000000000000278e-02
6.126126126126125726e+00 -4.377797699400741149e-01 5.000000000000000278e-02
6.136136136136135732e+00 -5.590243754279184962e-01 5.000000000000000278e-02
6.146146146146145739e+00 -4.888398287540822174e-01 5.000000000000000278e-02
6.156156156156155745e+00 -5.029209305144894948e-01 5.000000000000000278e-02
6.166166166166165752e+00 -5.684372715294122580e-01 5.000000000000000278e-02
6.176176176176175758e+00 -5.945281181531563153e-01 5.000000000000000278e-02
6.186186186186185765e+00 -4.856834717091589315e-01 5.000000000000000278e-02
6.196196196196195771e+00 -5.762001273898791354e-01 5.000000000000000278e-02
6.206206206206205778e+00 -5.165452758787971721e-01 5.000000000000000278e-02
6.216216216216215784e+00 -4.711984476968777424e-01 5.000000000000000278e-02
6.226226226226225791e+00 -5.453498787730469699e-01 5.000000000000000278e-02
6.236236236236235797e+00 -6.158543548062198614e-01 5.000000000000000278e-02
6.246246246246245803e+00 -5.227305369619120734e-01 5.000000000000000278e-02
6.256256256256255810e+00 -6.394043833568315849e-01 5.000000000000000278e-02
6.266266266266265816e+00 -6.130852084513100930e-01 5.000000000000000278e-02
6.276276276276275823e+00 -4.162948891057673961e-01 5.000000000000000278e-02
6.286286286286285829e+00 -5.955693233298352540e-01 5.000000000000000278e-02
6.296296296296295836e+00 -5.291589961537226383e-01 5.000000000000000278e-02
6.306306306306305842e+00 -5.882381947123852539e-01 5.000000000000000278e-02
6.316316316316315849e+00 -5.276707868027946668e-01 5.000000000000000278e-02
6.326326326326325855e+00 -4.953767294230690399e-01 5.000000000000000278e-02
6.336336336336335862e+00 -6.192258121155916895e-01 5.000000000000000278e-02
6.346346346346345868e+00 -4.983588071814601395e-01 5.000000000000000278e-02
6.356356356356355874e+00 -4.085746336485688857e-01 5.000000000000000278e-02
6.366366366366365881e+00 -3.717925906854995244e-01 5.000000000000000278e-02
6.376376376376375887e+00 -3.691120126454191519e-01 5.000000000000000278e-02
6.386386386386385894e+00 -4.014671162038802588e-01 5.000000000000000278e-02
6.396396396396395900e+00 -2.997847091482891413e-01 5.000000000000000278e-02
6.406406406406405907e+00 -3.069229456132773204e-01 5.000000000000000278e-02
6.416416416416416801e+00 -2.810618787446815259e-01 5.000000000000000278e-02
6.426426426426426808e+00 -2.000388404309526302e-01 5.000000000000000278e-02
6.436436436436436814e+00 -4.113140986020479006e-02 5.000000000000000278e-02
6.446446446446446821e+00 -1.527363466464215780e-01 5.000000000000000278e-02
6.456456456456456827e+00 -5.818688140863934044e-03 5.000000000000000278e-02
6.466466466466466834e+00 6.864148918977026892e-03 5.000000000000000278e-02
6.476476476476476840e+00 -2.594838901000230680e-02 5.000000000000000278e-02
6.486486486486486847e+00 5.881298883285311641e-02 5.000000000000000278e-02
6.496496496496496853e+00 1.539039562472042100e-01 5.000000000000000278e-02
6.506506506506506859e+00 1.984625989998985707e-01 5.000000000000000278e-02
6.516516516516516866e+00 2.964369800473199423e-01 5.000000000000000278e-02
6.526526526526526872e+00 2.963677321736853942e-01 5.000000000000000278e-02
6.536536536536536879e+00 3.590282283395704321e-01 5.000000000000000278e-02
6.546546546546546885e+00 5.248688163287393849e-01 5.000000000000000278e-02
6.556556556556556892e+00 5.386552645357599589e-01 5.000000000000000278e-02
6.566566566566566898e+00 5.639743385906227369e-01 5.000000000000000278e-02
6.576576576576576905e+00 6.732083592943226558e-01 5.000000000000000278e-02
6.586586586586586911e+00 8.319162987099965045e-01 5.000000000000000278e-02
6.596596596596596918e+00 7.779337450751192540e-01 5.000000000000000278e-02
6.606606606606606924e+00 7.992650758440550396e-01 5.000000000000000278e-02
6.616616616616616930e+00 9.868216666318706531e-01 5.000000000000000278e-02
6.626626626626626937e+00 1.103914619343714154e+00 5.000000000000000278e-02
6.636636636636636943e+00 1.133486121193824303e+00 5.000000000000000278e-02
6.646646646646646950e+00 1.068489466461733928e+00 5.000000000000000278e-02
6.656656656656656956e+00 1.093663083005126158e+00 5.000000000000000278e-02
6.666666666666666963e+00 1.320912896512466350e+00 5.000000000000000278e-02
6.676676676676676969e+00 1.308239700935747152e+00 5.000000000000000278e-02
6.686686686686686976e+00 1.400092838032392262e+00 5.000000000000000278e-02
6.696696696696696982e+00 1.421151162616161701e+00 5.000000000000000278e-02
6.706706706706706989e+00 1.567960899980581857e+00 5.000000000000000278e-02
6.716716716716716995e+00 1.538738272112499139e+00 5.000000000000000278e-02
6.726726726726727001e+00 1.567950994276052334e+00 5.000000000000000278e-02
6.736736736736737008e+00 1.636890684819503505e+00 5.000000000000000278e-02
6.746746746746747014e+00 1.613121027623541481e+00 5.000000000000000278e-02
6.756756756756757021e+00 1.721764364784198920e+00 5.000000000000000278e-02
6.766766766766767027e+00 1.746543302590001900e+00 5.000000000000000278e-02
6.776776776776777034e+00 1.679563901290404893e+00 5.000000000000000278e-02
6.786786786786787040e+00 1.759488303974053203e+00 5.000000000000000278e-02
6.796796796796797047e+00 1.781869863372607332e+00 5.000000000000000278e-02
6.806806806806807053e+00 1.790903446905172558e+00 5.000000000000000278e-02
6.816816816816817060e+00 1.908826088461963444e+00 5.000000000000000278e-02
6.826826826826827066e+00 1.965617951253258555e+00 5.000000000000000278e-02
6.836836836836837072e+00 1.940281487718032993e+00 5.000000000000000278e-02
6.846846846846847079e+00 1.861644778931979438e+00 5.000000000000000278e-02
6.856856856856857085e+00 1.855130723771029055e+00 5.000000000000000278e-02
6.866866866866867092e+00 1.988565047684687448e+00 5.000000000000000278e-02
6.876876876876877098e+00 1.936137767442368318e+00 5.000000000000000278e-02
6.886886886886887105e+00 1.945636375492184822e+00 5.000000000000000278e-02
6.896896896896897111e+00 1.881890210087201476e+00 5.000000000000000278e-02
6.906906906906907118e+00 1.838598360590258274e+00 5.000000000000000278e-02
6.916916916916917124e+00 2.041435302529748697e+00 5.000000000000000278e-02
6.926926926926927131e+00 1.888310213848481744e+00 5.000000000000000278e-02
6.936936936936937137e+00 1.894614754237875731e+00 5.000000000000000278e-02
6.946946946946947143e+00 1.830355811060275562e+00 5.000000000000000278e-02
6.956956956956957150e+00 1.945355695746616931e+00 5.000000000000000278e-02
6.966966966966967156e+00 1.830496297961098362e+00 5.000000000000000278e-02
6.976976976976977163e+00 1.817816451438478031e+00 5.000000000000000278e-02
6.986986986986987169e+00 1.804205377927057929e+00 5.000000000000000278e-02
6.996996996996997176e+00 1.776129793684297686e+00 5.000000000000000278e-02
7.007007007007007182e+00 1.821344176755549382e+00 5.000000000000000278e-02
7.017017017017017189e+00 1.632211776309297147e+00 5.000000000000000278e-02
7.027027027027027195e+00 1.726716037319588226e+00 5.000000000000000278e-02
7.037037037037037202e+00 1.635788548129599729e+00 5.000000000000000278e-02
7.047047047047047208e+00 1.617637488102718679e+00 5.000000000000000278e-02
7.057057057057057214e+00 1.578269175051104201e+00 5.000000000000000278e-02
7.067067067067067221e+00 1.601591442699126455e+00 5.000000000000000278e-02
7.077077077077077227e+00 1.487498520318205175e+00 5.000000000000000278e-02
7.087087087087087234e+00 1.496430705017171459e+00 5.000000000000000278e-02
7.097097097097097240e+00 1.523744983471322589e+00 5.000000000000000278e-02
7.107107107107107247e+00 1.440046462737039956e+00 5.000000000000000278e-02
7.117117117117117253e+00 1.418566862468878531e+00 5.000000000000000278e-02
7.127127127127127260e+00 1.435908426416144357e+00 5.000000000000000278e-02
7.137137137137137266e+00 1.397181616745739152e+00 5.000000000000000278e-02
7.147147147147147273e+00 1.352733702580320108e+00 5.000000000000000278e-02
7.157157157157157279e+00 1.350020175835646929e+00 5.000000000000000278e-02
7.167167167167167285e+00 1.282053151027270133e+00 5.000000000000000278e-02
7.177177177177177292e+00 1.349311082097390369e+00 5.000000000000000278e-02
7.187187187187187298e+00 1.233219021098371115e+00 5.000000000000000278e-02
7.197197197197197305e+00 1.190092309393016912e+00 5.000000000000000278e-02
7.207207207207207311e+00 1.275216727234713465e+00 5.000000000000000278e-02
7.217217217217217318e+00 1.172877572876606322e+00 5.000000000000000278e-02
7.227227227227227324e+00 1.176524811266928428e+00 5.000000000000000278e-02
7.237237237237237331e+00 1.200148730131322727e+00 5.000000000000000278e-02
7.247247247247247337e+00 1.233769800190420707e+00 5.000000000000000278e-02
7.257257257257257343e+00 1.162716691734143604e+00 5.000000000000000278e-02
7.267267267267267350e+00 1.153302561557238537e+00 5.000000000000000278e-02
7.277277277277277356e+00 1.143390622574228077e+00 5.000000000000000278e-02
7.287287287287287363e+00 1.173223401483846962e+00 5.000000000000000278e-02
7.297297297297297369e+00 1.118800819666882163e+00 5.000000000000000278e-02
7.307307307307307376e+00 1.146226666423929785e+00 5.000000000000000278e-02
7.317317317317317382e+00 1.192031788193626873e+00 5.000000000000000278e-02
7.327327327327327389e+00 1.102600253705227074e+00 5.000000000000000278e-02
7.337337337337337395e+00 1.084577684135817455e+00 5.000000000000000278e-02
7.347347347347347402e+00 1.045445484481392295e+00 5.000000000000000278e-02
7.357357357357357408e+00 1.042302693505008593e+00 5.000000000000000278e-02
7.367367367367367414e+00 1.005639862058667955e+00 5.000000000000000278e-02
7.377377377377377421e+00 9.992991548901023480e-01 5.000000000000000278e-02
7.387387387387387427e+00 1.010784092947749180e+00 5.000000000000000278e-02
7.397397397397397434e+00 1.041073377743271022e+00 5.000000000000000278e-02
7.407407407407407440e+00 1.031835404984614346e+00 5.000000000000000278e-02
7.417417417417417447e+00 9.681610383711060086e-01 5.000000000000000278e-02
7.427427427427427453e+00 9.864768858647767757e-01 5.000000000000000278e-02
7.437437437437437460e+00 8.849946209570022093e-01 5.000000000000000278e-02
7.447447447447447466e+00 1.031185105530507240e+00 5.000000000000000278e-02
7.457457457457457473e+00 1.028048924858741220e+00 5.000000000000000278e-02
7.467467467467467479e+00 8.738622695537134888e-01 5.000000000000000278e-02
7.477477477477477485e+00 8.788365633477820404e-01 5.000000000000000278e-02
7.487487487487487492e+00 8.310302609782812544e-01 5.000000000000000278e-02
7.497497497497497498e+00 8.361103420183243484e-01 5.000000000000000278e-02
7.507507507507507505e+00 7.355938567945173867e-01 5.000000000000000278e-02
7.517517517517517511e+00 6.599346251619959691e-01 5.000000000000000278e-02
7.527527527527527518e+00 7.436490181167931812e-01 5.000000000000000278e-02
7.537537537537537524e+00 6.153593804880692630e-01 5.000000000000000278e-02
7.547547547547547531e+00 6.529246059944945335e-01 5.000000000000000278e-02
7.557557557557557537e+00 5.540639902317683330e-01 5.000000000000000278e-02
7.567567567567567544e+00 5.256084808872635294e-01 5.000000000000000278e-02
7.577577577577577550e+00 5.765756692774905989e-01 5.000000000000000278e-02
7.587587587587587556e+00 5.708656801450248119e-01 5.000000000000000278e-02
7.597597597597597563e+00 4.451985967312865888e-01 5.000000000000000278e-02
7.607607607607607569e+00 3.941338722749484491e-01 5.000000000000000278e-02
7.617617617617617576e+00 3.922949609611244837e-01 5.000000000000000278e-02
7.627627627627627582e+00 3.122667115585799347e-01 5.000000000000000278e-02
7.637637637637637589e+00 2.153948455233676007e-01 5.000000000000000278e-02
7.647647647647647595e+00 2.633246634926091900e-01 5.000000000000000278e-02
7.657657657657657602e+00 1.155080449051945624e-01 5.000000000000000278e-02
7.667667667667667608e+00 2.119731514383206561e-01 5.000000000000000278e-02
7.677677677677677615e+00 1.292573111306822287e-01 5.000000000000000278e-02
7.687687687687687621e+00 1.284189100429382058e-01 5.000000000000000278e-02
7.697697697697697627e+00 1.071487842325830053e-02 5.000000000000000278e-02
7.707707707707707634e+00 1.274644277189464908e-02 5.000000000000000278e-02
7.717717717717717640e+00 4.539637966049540896e-02 5.000000000000000278e-02
7.727727727727727647e+00 5.293162521051213154e-02 5.000000000000000278e-02
7.737737737737737653e+00 -4.529625397306044632e-03 5.000000000000000278e-02
7.747747747747747660e+00 -5.741160657235904602e-02 5.000000000000000278e-02
7.757757757757757666e+00 -1.614068544160885965e-01 5.000000000000000278e-02
7.767767767767767673e+00 -1.055448197301613045e-01 5.000000000000000278e-02
7.777777777777777679e+00 -1.545623666397305807e-01 5.000000000000000278e-02
7.787787787787787686e+00 -2.030673054396549271e-01 5.000000000000000278e-02
7.797797797797797692e+00 -1.472847318244130121e-01 5.000000000000000278e-02
7.807807807807807698e+00 -2.746808491409081787e-01 5.000000000000000278e-02
7.817817817817817705e+00 -1.714587483399054313e-01 5.000000000000000278e-02
7.827827827827827711e+00 -3.135725978673292169e-01 5.000000000000000278e-02
7.837837837837837718e+00 -3.360763548621343855e-01 5.000000000000000278e-02
7.847847847847847724e+00 -3.273398187190335595e-01 5.000000000000000278e-02
7.857857857857857731e+00 -4.075660075569936258e-01 5.000000000000000278e-02
7.867867867867867737e+00 -3.834903098092249940e-01 5.000000000000000278e-02
7.877877877877877744e+00 -3.737146013881806339e-01 5.000000000000000278e-02
7.887887887887887750e+00 -4.792065449705782409e-01 5.000000000000000278e-02
7.897897897897897757e+00 -4.520557124179135911e-01 5.000000000000000278e-02
7.907907907907907763e+00 -4.955241300383058101e-01 5.000000000000000278e-02
7.917917917917917769e+00 -4.628391133765741294e-01 5.000000000000000278e-02
7.927927927927927776e+00 -3.982291616508020216e-01 5.000000000000000278e-02
7.937937937937937782e+00 -4.905310801182721780e-01 5.000000000000000278e-02
7.947947947947947789e+00 -4.914049108929672283e-01 5.000000000000000278e-02
7.957957957957957795e+00 -4.834766745510871155e-01 5.000000000000000278e-02
7.967967967967967802e+00 -5.624302207069341586e-01 5.000000000000000278e-02
7.977977977977977808e+00 -5.074517362711261637e-01 5.000000000000000278e-02
7.987987987987987815e+00 -5.561704319102729333e-01 5.000000000000000278e-02
7.997997997997997821e+00 -5.735556361780331791e-01 5.000000000000000278e-02
8.008008008008008716e+00 -6.374150841755887864e-01 5.000000000000000278e-02
8.018018018018018722e+00 -5.938247618139957940e-01 5.000000000000000278e-02
8.028028028028028729e+00 -5.205363243200960000e-01 5.000000000000000278e-02
8.038038038038038735e+00 -5.214618457058133316e-01 5.000000000000000278e-02
8.048048048048048742e+00 -6.057788362217322309e-01 5.000000000000000278e-02
8.058058058058058748e+00 -5.963658630478123612e-01 5.000000000000000278e-02
8.068068068068068754e+00 -6.293976166437142972e-01 5.000000000000000278e-02
8.078078078078078761e+00 -6.713223320757052415e-01 5.000000000000000278e-02
8.088088088088088767e+00 -7.139018892346606915e-01 5.000000000000000278e-02
8.098098098098098774e+00 -5.460132360436553700e-01 5.000000000000000278e-02
8.108108108108108780e+00 -6.871472642938317721e-01 5.000000000000000278e-02
8.118118118118118787e+00 -6.335110510733955591e-01 5.000000000000000278e-02
8.128128128128128793e+00 -5.722241965709928824e-01 5.000000000000000278e-02
8.138138138138138800e+00 -6.739096697696662641e-01 5.000000000000000278e-02
8.148148148148148806e+00 -6.675271611166142538e-01 5.000000000000000278e-02
8.158158158158158813e+00 -6.499274308179668891e-01 5.000000000000000278e-02
8.168168168168168819e+00 -6.843059189499158812e-01 5.000000000000000278e-02
8.178178178178178825e+00 -6.566256087489540372e-01 5.000000000000000278e-02
8.188188188188188832e+00 -6.879764999015256510e-01 5.000000000000000278e-02
8.198198198198198838e+00 -6.159333582666299822e-01 5.000000000000000278e-02
8.208208208208208845e+00 -6.487279275881372431e-01 5.000000000000000278e-02
8.218218218218218851e+00 -7.321900955820672685e-01 5.000000000000000278e-02
8.228228228228228858e+00 -7.387884670993766223e-01 5.000000000000000278e-02
8.238238238238238864e+00 -7.029887342022125285e-01 5.000000000000000278e-02
8.248248248248248871e+00 -6.992576718847804962e-01 5.000000000000000278e-02
8.258258258258258877e+00 -7.028932663748320708e-01 5.000000000000000278e-02
8.268268268268268884e+00 -6.162341106071501651e-01 5.000000000000000278e-02
8.278278278278278890e+00 -6.944621985682221110e-01 5.000000000000000278e-02
8.288288288288288896e+00 -6.765725256781591757e-01 5.000000000000000278e-02
8.298298298298298903e+00 -6.414612372093143611e-01 5.000000000000000278e-02
8.308308308308308909e+00 -7.420375882095868736e-01 5.000000000000000278e-02
8.318318318318318916e+00 -6.150628369948506480e-01 5.000000000000000278e-02
8.328328328328328922e+00 -6.009983863299098727e-01 5.000000000000000278e-02
8.338338338338338929e+00 -5.531173403402767086e-01 5.000000000000000278e-02
8.348348348348348935e+00 -6.646957299008514619e-01 5.000000000000000278e-02
8.358358358358358942e+00 -6.313646366046324898e-01 5.000000000000000278e-02
8.368368368368368948e+00 -5.900199137268330452e-01 5.000000000000000278e-02
8.378378378378378954e+00 -6.116170840909307405e-01 5.000000000000000278e-02
8.388388388388388961e+00 -6.578979438958482140e-01 5.000000000000000278e-02
8.398398398398398967e+00 -5.324489668082950100e-01 5.000000000000000278e-02
8.408408408408408974e+00 -5.844904367021950264e-01 5.000000000000000278e-02
8.418418418418418980e+00 -5.458874363875537705e-01 5.000000000000000278e-02
8.428428428428428987e+00 -6.102414449323887435e-01 5.000000000000000278e-02
8.438438438438438993e+00 -5.026828264875787822e-01 5.000000000000000278e-02
8.448448448448449000e+00 -5.622922371156952037e-01 5.000000000000000278e-02
8.458458458458459006e+00 -5.757969812684605726e-01 5.000000000000000278e-02
8.468468468468469013e+00 -4.963387191837812518e-01 5.000000000000000278e-02
8.478478478478479019e+00 -4.770879633050550961e-01 5.000000000000000278e-02
8.488488488488489025e+00 -5.763824588274034655e-01 5.000000000000000278e-02
8.498498498498499032e+00 -4.785053718373862286e-01 5.000000000000000278e-02
8.508508508508509038e+00 -4.467392206827527357e-01 5.000000000000000278e-02
8.518518518518519045e+00 -5.149842993316919859e-01 5.000000000000000278e-02
8.528528528528529051e+00 -6.000214714546140415e-01 5.000000000000000278e-02
8.538538538538539058e+00 -5.039459693906401805e-01 5.000000000000000278e-02
8.548548548548549064e+00 -4.829969883460345503e-01 5.000000000000000278e-02
8.558558558558559071e+00 -5.921430384538191039e-01 5.000000000000000278e-02
8.568568568568569077e+00 -4.639858909286986299e-01 5.000000000000000278e-02
8.578578578578579084e+00 -5.646111170484280350e-01 5.000000000000000278e-02
8.588588588588589090e+00 -5.693318890139904553e-01 5.000000000000000278e-02
8.598598598598599096e+00 -5.183219689760280025e-01 5.000000000000000278e-02
8.608608608608609103e+00 -5.733699054029260944e-01 5.000000000000000278e-02
8.618618618618619109e+00 -5.332469111358498770e-01 5.000000000000000278e-02
8.628628628628629116e+00 -6.089767671231366419e-01 5.000000000000000278e-02
8.638638638638639122e+00 -6.026640402632382765e-01 5.000000000000000278e-02
8.648648648648649129e+00 -6.354574941562604051e-01 5.000000000000000278e-02
8.658658658658659135e+00 -6.399517597732897745e-01 5.000000000000000278e-02
8.668668668668669142e+00 -6.386437228169602465e-01 5.000000000000000278e-02
8.678678678678679148e+00 -6.600643361352039884e-01 5.000000000000000278e-02
8.688688688688689155e+00 -7.161601856101731389e-01 5.000000000000000278e-02
8.698698698698699161e+00 -6.714137530664071596e-01 5.000000000000000278e-02
8.708708708708709167e+00 -7.398954074612470455e-01 5.000000000000000278e-02
8.718718718718719174e+00 -6.928658993184557691e-01 5.000000000000000278e-02
8.728728728728729180e+00 -7.393875844969209910e-01 5.000000000000000278e-02
8.738738738738739187e+00 -7.917572462324076188e-01 5.000000000000000278e-02
8.748748748748749193e+00 -8.406401483676830821e-01 5.000000000000000278e-02
8.758758758758759200e+00 -8.182702061437713281e-01 5.000000000000000278e-02
8.768768768768769206e+00 -7.667512332559914823e-01 5.000000000000000278e-02
8.778778778778779213e+00 -8.414606874360232025e-01 5.000000000000000278e-02
8.788788788788789219e+00 -8.165517485337332459e-01 5.000000000000000278e-02
8.798798798798799226e+00 -8.825809768930591437e-01 5.000000000000000278e-02
8.808808808808809232e+00 -9.061199969655221453e-01 5.000000000000000278e-02
8.818818818818819238e+00 -9.362031503348064998e-01 5.000000000000000278e-02
8.828828828828829245e+00 -1.008159913836056187e+00 5.000000000000000278e-02
8.838838838838839251e+00 -9.039290101102158692e-01 5.000000000000000278e-02
8.848848848848849258e+00 -9.247370945023304367e-01 5.000000000000000278e-02
8.858858858858859264e+00 -9.346547703684149333e-01 5.000000000000000278e-02
8.868868868868869271e+00 -8.971715518041345483e-01 5.000000000000000278e-02
8.878878878878879277e+00 -9.878198610421229375e-01 5.000000000000000278e-02
8.888888888888889284e+00 -8.547235294666812866e-01 5.000000000000000278e-02
8.898898898898899290e+00 -1.011888521187468415e+00 5.000000000000000278e-02
8.908908908908909297e+00 -9.239005762669637578e-01 5.000000000000000278e-02
8.918918918918919303e+00 -9.919649400540561102e-01 5.000000000000000278e-02
8.928928928928929309e+00 -9.405833485892369783e-01 5.000000000000000278e-02
8.938938938938939316e+00 -8.620555392994759814e-01 5.000000000000000278e-02
8.948948948948949322e+00 -9.857560591140630546e-01 5.000000000000000278e-02
8.958958958958959329e+00 -8.921659065976864644e-01 5.000000000000000278e-02
8.968968968968969335e+00 -8.841344096329394331e-01 5.000000000000000278e-02
8.978978978978979342e+00 -8.677026173055675251e-01 5.000000000000000278e-02
8.988988988988989348e+00 -8.496833062560288363e-01 5.000000000000000278e-02
8.998998998998999355e+00 -8.068297835196810430e-01 5.000000000000000278e-02
9.009009009009009361e+00 -8.055742615218486335e-01 5.000000000000000278e-02
9.019019019019019368e+00 -7.937119456197208045e-01 5.000000000000000278e-02
9.029029029029029374e+00 -7.492148017070406896e-01 5.000000000000000278e-02
9.039039039039039380e+00 -7.410528236297535543e-01 5.000000000000000278e-02
9.049049049049049387e+00 -7.601402759100064355e-01 5.000000000000000278e-02
9.059059059059059393e+00 -7.939140403551053771e-01 5.000000000000000278e-02
9.069069069069069400e+00 -6.710082978778023621e-01 5.000000000000000278e-02
9.079079079079079406e+00 -7.055259135841738249e-01 5.000000000000000278e-02
9.089089089089089413e+00 -5.832375726151719508e-01 5.000000000000000278e-02
9.099099099099099419e+00 -6.701264348653278580e-01 5.000000000000000278e-02
9.109109109109109426e+00 -6.787586826644861349e-01 5.000000000000000278e-02
9.119119119119119432e+00 -5.380171207249225818e-01 5.000000000000000278e-02
9.129129129129129439e+00 -6.077540343115426236e-01 5.000000000000000278e-02
9.139139139139139445e+00 -6.210979947167849513e-01 5.000000000000000278e-02
9.149149149149149451e+00 -4.631181312009948758e-01 5.000000000000000278e-02
9.159159159159159458e+00 -5.702425663535406475e-01 5.000000000000000278e-02
9.169169169169169464e+00 -4.074125096718870243e-01 5.000000000000000278e-02
9.179179179179179471e+00 -4.965150613977293848e-01 5.000000000000000278e-02
9.189189189189189477e+00 -4.041311154673541406e-01 5.000000000000000278e-02
9.199199199199199484e+00 -3.890942597493662336e-01 5.000000000000000278e-02
9.209209209209209490e+00 -4.667612775471963182e-01 5.000000000000000278e-02
9.219219219219219497e+00 -3.526974794531307356e-01 5.000000000000000278e-02
9.229229229229229503e+00 -3.488881150891950389e-01 5.000000000000000278e-02
9.239239239239239510e+00 -2.976109635562264599e-01 5.000000000000000278e-02
9.249249249249249516e+00 -2.534165725980415118e-01 5.000000000000000278e-02
9.259259259259259522e+00 -1.772179597160220832e-01 5.000000000000000278e-02
9.269269269269269529e+00 -2.440893724370155893e-01 5.000000000000000278e-02
9.279279279279279535e+00 -2.133014897624451733e-01 5.000000000000000278e-02
9.289289289289289542e+00 -7.673807850145390741e-02 5.000000000000000278e-02
9.299299299299299548e+00 -1.241444872229312268e-01 5.000000000000000278e-02
9.309309309309309555e+00 -9.818919418405139266e-02 5.000000000000000278e-02
9.319319319319319561e+00 -1.884426471677030923e-01 5.000000000000000278e-02
9.329329329329329568e+00 -1.573630778046492540e-01 5.000000000000000278e-02
9.339339339339339574e+00 -9.048095565142738606e-02 5.000000000000000278e-02
9.349349349349349581e+00 -4.728590519195443459e-02 5.000000000000000278e-02
9.359359359359359587e+00 1.180139952891098853e-02 5.000000000000000278e-02
9.369369369369369593e+00 1.496660336606038255e-01 5.000000000000000278e-02
9.379379379379379600e+00 -2.372551803872489928e-02 5.000000000000000278e-02
9.389389389389389606e+00 4.471692387863610008e-02 5.000000000000000278e-02
9.399399399399399613e+00 1.234262696021574263e-01 5.000000000000000278e-02
9.409409409409409619e+00 1.328082322750767652e-01 5.000000000000000278e-02
9.419419419419419626e+00 2.030896377486563209e-01 5.000000000000000278e-02
9.429429429429429632e+00 1.608276528186988463e-01 5.000000000000000278e-02
9.439439439439439639e+00 1.591178862986622755e-01 5.000000000000000278e-02
9.449449449449449645e+00 3.377578665456421603e-01 5.000000000000000278e-02
9.459459459459459651e+00 2.850837985334095936e-01 5.000000000000000278e-02
9.469469469469469658e+00 2.335953275112856997e-01 5.000000000000000278e-02
9.479479479479479664e+00 3.069864616529380252e-01 5.000000000000000278e-02
9.489489489489489671e+00 3.524885022459693928e-01 5.000000000000000278e-02
9.499499499499499677e+00 3.128050954487170410e-01 5.000000000000000278e-02
9.509509509509509684e+00 4.583350992821043079e-01 5.000000000000000278e-02
9.519519519519519690e+00 4.598916451342323075e-01 5.000000000000000278e-02
9.529529529529529697e+00 4.671411800568254780e-01 5.000000000000000278e-02
9.539539539539539703e+00 4.862485559641406829e-01 5.000000000000000278e-02
9.549549549549549710e+00 6.349582823976347434e-01 5.000000000000000278e-02
9.559559559559559716e+00 5.827025595269477165e-01 5.000000000000000278e-02
9.569569569569569722e+00 5.820952760084270317e-01 5.000000000000000278e-02
9.579579579579579729e+00 5.528513956353623415e-01 5.000000000000000278e-02
9.589589589589589735e+00 6.363805950818951507e-01 5.000000000000000278e-02
9.599599599599599742e+00 7.586215199529330322e-01 5.000000000000000278e-02
9.609609609609609748e+00 8.328480071096409088e-01 5.000000000000000278e-02
9.619619619619619755e+00 7.342338006666385697e-01 5.000000000000000278e-02
9.629629629629629761e+00 7.240233751877158674e-01 5.000000000000000278e-02
9.639639639639639768e+00 8.614898907925733207e-01 5.000000000000000278e-02
9.649649649649649774e+00 8.905686836514992155e-01 5.000000000000000278e-02
9.659659659659659781e+00 9.686167707618486000e-01 5.000000000000000278e-02
9.669669669669669787e+00 9.219477718544044631e-01 5.000000000000000278e-02
9.679679679679679793e+00 9.941359128793048061e-01 5.000000000000000278e-02
9.689689689689689800e+00 9.263351956218850436e-01 5.000000000000000278e-02
9.699699699699699806e+00 9.869680741987876260e-01 5.000000000000000278e-02
9.709709709709709813e+00 1.050058268346065304e+00 5.000000000000000278e-02
9.719719719719719819e+00 1.082705455491214108e+00 5.000000000000000278e-02
9.729729729729729826e+00 1.157954971058962501e+00 5.000000000000000278e-02
9.739739739739739832e+00 1.217741912812369431e+00 5.000000000000000278e-02
9.749749749749749839e+00 1.109497183710555612e+00 5.000000000000000278e-02
9.759759759759759845e+00 1.287402517132162361e+00 5.000000000000000278e-02
9.769769769769769852e+00 1.187000296172611824e+00 5.000000000000000278e-02
9.779779779779779858e+00 1.223173730082143473e+00 5.000000000000000278e-02
9.789789789789789864e+00 1.318941471267680798e+00 5.000000000000000278e-02
9.799799799799799871e+00 1.159355469592785237e+00 5.000000000000000278e-02
9.809809809809809877e+00 1.222055158618769566e+00 5.000000000000000278e-02
9.819819819819819884e+00 1.266966721204427770e+00 5.000000000000000278e-02
9.829829829829829890e+00 1.324592452056296610e+00 5.000000000000000278e-02
9.839839839839839897e+00 1.385260125298630962e+00 5.000000000000000278e-02
9.849849849849849903e+00 1.395074706447046342e+00 5.000000000000000278e-02
9.859859859859859910e+00 1.302011673436798356e+00 5.000000000000000278e-02
9.869869869869869916e+00 1.391194632072035420e+00 5.000000000000000278e-02
9.879879879879879923e+00 1.337223893651945827e+00 5.000000000000000278e-02
9.889889889889889929e+00 1.435734358229472596e+00 5.000000000000000278e-02
9.899899899899899935e+00 1.349120254403293862e+00 5.000000000000000278e-02
9.909909909909909942e+00 1.416358115682561314e+00 5.000000000000000278e-02
9.919919919919919948e+00 1.311017700766845762e+00 5.000000000000000278e-02
9.929929929929929955e+00 1.399139537787279952e+00 5.000000000000000278e-02
9.939939939939939961e+00 1.288681254048865465e+00 5.000000000000000278e-02
9.949949949949949968e+00 1.358150896256319795e+00 5.000000000000000278e-02
9.959959959959959974e+00 1.266421721308006676e+00 5.000000000000000278e-02
9.969969969969969981e+00 1.333988959578924272e+00 5.000000000000000278e-02
9.979979979979979987e+00 1.294687649845158939e+00 5.000000000000000278e-02
9.989989989989989994e+00 1.277468785768945292e+00 5.000000000000000278e-02
1.000000000000000000e+01 1.329815795155665059e+00 5.000000000000000278e-02
