"ID" "P" "H_OBS" "H_SIGMA" "K_OBS" "K_SIGMA" "x1" "x2" "y1" "y2"
01026032     8.460438    -0.041576     0.000035     0.002119     0.004618     1     1     0.146300     0.041934
01433980     1.592634    -0.000387     0.000103     0.014743     0.001303     1     1     0.104319     0.051596
01571511    14.022451    -0.042219     0.000566     0.231536     0.023805     1     1     0.022875     0.208284
01995732    77.362721    -0.131261     0.000044     0.079461     0.004085     1     1     0.050191     0.059772
02019076     7.129228     0.000058     0.000020    -0.003283     0.003716     1     1     0.100236     0.068105
02161623     2.283470     0.001422     0.000052    -0.040365     0.002232     1     1     0.089601     0.044812
02162994     4.101596     0.000202     0.000010    -0.001038     0.000444     1     1     0.128129     0.070751
02305372     1.404692     0.004280     0.000024    -0.028196     0.000683     1     1     0.155182     0.062688
02306740    10.306987    -0.023318     0.000008     0.295810     0.000564     1     1     0.036220     0.061645
02307206   204.031379    -0.010914     0.000035     0.199013     0.020766     1     1    11.264874    12.926236
02442084    49.788598    -0.502625     0.000490    -0.304308     0.002906     1     1     0.068825     0.073659
02445134     8.412009     0.000959     0.000219    -0.006187     0.008268     1     1     0.174629     0.117760
02447893     0.661620    -0.000363     0.000023    -0.017731     0.000682     1     1     0.124905     0.050477
02576692    87.878533    -0.142055     0.000025     0.144125     0.001178     1     1     0.075480     0.062568
02580872    15.926628    -0.052978     0.000013     0.193953     0.000885     1     1     0.055871     0.031242
02693092    39.841524    -0.247333     0.000554    -0.075968     0.031460     1     1     1.041663     0.125298
02708156     1.891272     0.000080     0.000043    -0.075032     0.001477     1     1     0.121354     0.070802
02719873    17.279290    -0.001701     0.000004     0.026354     0.000527     1     1     0.082409     0.064280
02852560    11.961308    -0.332958     0.000087    -0.244139     0.001007     1     1     0.040490     0.048260
02860594     5.499945     0.001205     0.000872    -0.023981     0.002110     1     1     0.116823     0.062170
02860788     5.259742    -0.000058     0.000027     0.001229     0.001094     1     1     0.118522     0.052731
02973509     6.627611    -0.102516     0.000015     0.105207     0.000808     1     1     0.063796     0.072269
02998124    28.597884    -0.043639     0.000023     0.029829     0.001949     1     1     0.122161     0.084230
03003991     7.244779    -0.000266     0.001066     0.010253     0.020675     1     1     0.032950     0.125550
03098194    30.476531    -0.200501     0.000046    -0.284654     0.000743     1     1     0.051825     0.039367
03102024    13.782521    -0.283510     0.000245     0.448874     0.001533     1     1     0.056179     0.064228
03115480     3.693703     0.000198     0.000080     0.002189     0.007745     1     1     0.135031     0.039131
03120320    10.265613    -0.036189     0.000062     0.011831     0.006757     1     1     0.110694     0.033165
03127817     4.327139     0.000186     0.000042     0.004331     0.001738     1     1     0.085770     0.062816
03218683     0.771670    -0.000934     0.000017     0.005321     0.000483     1     1     0.084725     0.062895
03241344     3.912678    -0.004911     0.000073     0.043887     0.003763     1     1     0.088806     0.115866
03241619     1.703344    -0.000005     0.000017    -0.012939     0.000538     1     1     0.121802     0.073433
03247294    67.418828    -0.385772     0.000468    -0.373583     0.002797     1     1     0.064239     0.066416
03248332     7.363607    -0.040775     0.000018     0.140246     0.002012     1     1     0.066961     0.049843
03323289    33.693201    -0.250161     0.000007     0.023940     0.001042     1     1     0.081299     0.053023
03327980     4.231022    -0.000651     0.000007    -0.000360     0.000356     1     1     0.164914     0.074784
03335816     7.422006     0.000036     0.000083     0.004284     0.011525     1     1     0.174441     0.091957
03341934    18.839497    -0.033559     0.000059    -0.294158     0.003845     1     1     0.066346     0.101460
03347485     7.544841    -0.000068     0.000873    -0.016389     0.037791     1     1     0.192860     0.056827
03348093     7.964420     0.006944     0.000032     0.266571     0.015137     1     1     0.643825     0.625524
03352751     3.495455     0.000925     0.000107     0.009867     0.007150     1     1     0.182136     0.091372
03428468   114.908680    -0.711123     0.001242    -0.251558     0.006469     1     1     0.233357     0.266585
03439031     5.952026    -0.000987     0.000003    -0.005041     0.000379     1     1     0.089994     0.051188
03440230     2.881101     0.001380     0.000035     0.010248     0.000986     1     1     0.147508     0.029720
03442054   117.681382    -0.377021     0.000241     0.138125     0.004538     1     1     0.095373     0.072650
03449540     3.212006     0.000005     0.000005    -0.007467     0.000327     1     1     0.127768     0.037209
03530668     1.946200    -0.000757     0.019904     0.013984     0.003398     1     1     0.312049     0.068769
03542573     6.942796    -0.000015     0.000019     0.005228     0.001717     1     1     0.098776     0.058545
03544694     3.845700    -0.001223     0.000033     0.002251     0.003323     1     1     0.100271     0.061273
03644542   119.679795    -0.504376     0.000179     0.297152     0.001083     1     1     0.065987     0.053302
03654950     8.134725     0.000238     0.000036    -0.023909     0.002734     1     1     0.076982     0.067104
03730067     0.294079    -0.000392     0.000018    -0.011235     0.000514     1     1     0.141160     0.073499
03735629     9.328346     0.000017     0.000006    -0.002835     0.001383     1     1     0.138598     0.070901
03757778    36.514397    -0.238523     0.000064    -0.245638     0.000988     1     1     0.074012     0.054336
03765771     5.567717     0.000156     0.000920    -0.014159     0.122193     1     1     0.017122     0.061649
03834364     2.908455     0.000079     0.000184     0.000713     0.007818     1     1     0.147709     0.053575
03836439     1.540395     0.000357     0.000146    -0.001082     0.007184     1     1     0.163883     0.038324
03838496     5.980397     0.000980     0.000021    -0.004746     0.000924     1     1     0.138749     0.070152
03848919     1.047260    -0.000310     0.000008     0.001939     0.000275     1     1     0.109683     0.063300
03851193     1.341079     0.004282     0.000789     0.010891     0.003651     1     1     0.141209     0.121260
03858884    25.951931    -0.433637     0.000042    -0.162242     0.000581     1     1     0.048520     0.061111
03865298     9.530635    -0.229993     0.000033     0.042893     0.002683     1     1     0.054503     0.038452
03938073    31.024312    -0.432232     0.000041    -0.012335     0.005765     1     1     0.128108     0.098093
03964545     3.012475     0.000006     0.000046    -0.007207     0.004037     1     1     0.093374     0.057497
03970117   110.295122    -0.481793     0.000043     0.159786     0.000544     1     1     0.069811     0.066389
03970233     8.254914    -0.010444     0.000271     0.101813     0.019260     1     1     0.141390     0.149181
03971315     9.892277    -0.000141     0.000389     0.021415     0.055354     1     1     0.056828     0.092932
03973002     3.984197     0.000089     0.000025    -0.002183     0.002155     1     1     0.097333     0.072315
03973504     4.318728     0.000141     0.000047     0.008478     0.008299     1     1     0.163765     0.219230
04037428     4.264728     0.000320     0.000078     0.049199     0.028233     1     1     0.179584     0.480072
04042026    34.820046    -0.330137     0.000104     0.089801     0.003341     1     1     0.043076     0.083869
04054905   274.709022    -0.305385     0.000006    -0.200889     0.000086     1     1     0.054955     0.059475
04069213     5.194256    -0.020776     0.001014    -0.015266     0.015259     1     1     0.124960     0.680601
04075064    61.422806    -0.237253     0.000365    -0.513327     0.002211     1     1     0.050741     0.058980
04076952     9.761169     0.018208     0.000350     0.033500     0.000417     1     1     0.124500     0.104978
04079530    17.727100    -0.210986     0.000115     0.240233     0.002059     1     1     0.045121     0.086880
04149684     4.320849     0.003812     0.000153    -0.003672     0.007824     1     1     0.124426     0.091433
04150611    94.198200    -0.365644     0.000101    -0.067708     0.003997     1     1     0.072172     0.090940
04157488     5.197420     0.008475     0.000023     0.001513     0.001273     1     1     0.071664     0.043662
04174507     3.891825     0.001344     0.000164     0.009354     0.018476     1     1     0.124316     0.063475
04247023    47.190615    -0.332153     0.000198     0.182874     0.003152     1     1     0.075918     0.068217
04247791     4.100871     0.000102     0.000022    -0.001108     0.000849     1     1     0.130291     0.050216
04249218     0.316195     0.005098     0.000023    -0.059758     0.001141     1     1     0.108516     0.084520
04276114     3.722407    -0.000185     0.000320    -0.022648     0.019031     1     1     0.229635     0.118156
04281895     9.543588    -0.303856     0.000030    -0.001907     0.003865     1     1     0.091967     0.068977
04285087     4.486031    -0.000088     0.000009     0.003737     0.000719     1     1     0.079327     0.071600
04346875     4.694219     0.000099     0.000087     0.007944     0.004195     1     1     0.175511     0.057500
04352168    10.643748    -0.155003     0.000030    -0.118657     0.001464     1     1     0.056496     0.051065
04365461     3.428830     0.000007     0.000022    -0.000303     0.001027     1     1     0.109786     0.045085
04375101    61.259602    -0.210616     0.000005    -0.000167     0.001563     1     1     0.116203     0.050729
04380283     1.744719     0.000145     0.000012    -0.000271     0.000467     1     1     0.092586     0.041016
04445630     5.627912     0.022566     0.000004     0.021238     0.000355     1     1     0.084932     0.072098
04473933   103.592624    -0.245608     0.000932    -0.001525     0.003877     1     1     0.195487     0.083133
04540632    31.005399    -0.091452     0.000085     0.656627     0.000804     1     1     0.073496     0.073567
04544587     2.189097    -0.237211     0.000013     0.146483     0.000319     1     1     0.070526     0.072346
04574310     1.306220     0.000349     0.000023     0.001799     0.000694     1     1     0.144109     0.066270
04578594   252.155000    -0.176687     0.000054     0.064245     0.004633     1     1     0.086391     0.053107
04586482   623.000000    -0.511119     0.000326    -0.118139     0.005339     1     1     0.085924     0.054888
04633434    22.271209    -0.025694     0.000005     0.096857     0.000837     1     1     0.074896     0.058784
04659255   198.013278    -0.063055     0.000022    -0.009821     0.019551     1     1     0.103035     0.297757
04660997     0.562560     0.000356     0.000016     0.003650     0.000323     1     1     0.142936     0.063618
04661634    73.894177    -0.434449     0.000043    -0.150487     0.000645     1     1     0.069366     0.086789
04663623   358.100000    -0.001701     0.000020    -0.003198     0.004354     1     1     0.153655     0.065387
04665989     2.248067     0.000177     0.000014     0.001359     0.000561     1     1     0.090370     0.056766
04670267     2.006098    -0.000069     0.000016     0.000293     0.000424     1     1     0.119809     0.042228
04671584     5.593325    -0.000143     0.000714    -0.051398     0.077884     1     1     0.030221     0.062787
04677321     1.572181     0.000510     0.000070     0.004212     0.001733     1     1     0.169091     0.039295
04678171    15.288709    -0.003479     0.000004    -0.006730     0.001021     1     1     0.173954     0.056614
04681152     1.835922     0.008864     0.000572    -0.007445     0.019009     1     1     0.218126     0.061969
04729553     0.961293     0.000483     0.000021     0.007450     0.000433     1     1     0.177387     0.051679
04736208    63.681891    -0.251001     0.000050    -0.194654     0.000986     1     1     0.074246     0.052492
04737267     9.524076    -0.006978     0.000024    -0.013519     0.000345     1     1     0.116374     0.057649
04737302     9.455588    -0.010457     0.000024     0.003954     0.001379     1     1     0.110795     0.044031
04739194     1.246586     0.002762     0.000036    -0.003075     0.000922     1     1     0.218084     0.047684
04739791     0.898922    -0.001042     0.000125    -0.010513     0.003616     1     1     0.207320     0.056689
04740676     3.454241     0.000081     0.000033     0.043101     0.011560     1     1     0.191064     2.378221
04751083     4.532370     0.012498     0.000106     0.029148     0.010905     1     1     0.094911     0.078720
04753988     7.304426    -0.005175     0.000023     0.009415     0.002770     1     1     0.162856     0.090960
04758368     3.749935    -0.003650     0.000102     0.002389     0.002608     1     1     0.109547     0.036792
04773155    25.706000    -0.263999     0.000082     0.354220     0.000768     1     1     0.041605     0.036362
04815612     3.856800     0.000019     0.000032     0.025772     0.002433     1     1     0.177240     0.049325
04826439     2.474295    -0.000061     0.000005     0.004593     0.000232     1     1     0.062675     0.042307
04839180     8.852687    -0.002458     0.000009    -0.005683     0.000811     1     1     0.084697     0.058182
04840263     1.915648     0.000106     0.000026    -0.001197     0.001267     1     1     0.089131     0.072706
04840818    10.049537     0.000011     0.000048     0.005461     0.006712     1     1     0.128315     0.050834
04847832    30.960237    -0.057999     0.000023    -0.396004     0.000849     1     1     0.054688     0.057487
04851217     2.470280    -0.031489     0.000021     0.003242     0.000626     1     1     0.109076     0.074457
04851464     5.548257     0.001758     0.000089     0.120247     0.003375     1     1     0.169780     0.086385
04902030     1.757606     0.000004     0.000007    -0.033624     0.000436     1     1     0.097964     0.053416
04912991     8.885035     0.000004     0.000039     0.009985     0.010825     1     1     0.120078     0.057674
04931073    26.951236    -0.407757     0.000143    -0.070698     0.004891     1     1     0.075166     0.037144
04937143     9.848876    -0.212783     0.000135    -0.006636     0.017050     1     1     0.093221     0.050639
04940201     8.816628     0.001368     0.000046    -0.040901     0.010444     1     1     0.100502     0.069405
04946680     8.665260    -0.115985     0.000706    -0.018974     0.059026     1     1     0.025824     0.091959
04947726     4.726086    -0.078798     0.000119     0.124593     0.005582     1     1     0.052114     0.062425
04948863     8.643590     0.004709     0.000049     0.024799     0.013318     1     1     0.144111     0.052171
05016163     5.245660    -0.000071     0.000005    -0.001136     0.000409     1     1     0.085119     0.072073
05017058     2.323895     0.000143     0.000022    -0.000714     0.000908     1     1     0.101305     0.069001
05022440     3.693950    -0.000042     0.000116     0.008905     0.016487     1     1     0.149732     0.059295
05023948     3.649293    -0.000188     0.000014     0.018668     0.001347     1     1     0.069648     0.082060
05024292     4.301032     0.010714     0.000028     0.020631     0.002012     1     1     0.103387     0.055946
05025294     5.462690    -0.197245     0.001307     0.104881     0.067397     1     1     0.590019     0.070403
05036538     2.122016     0.000093     0.000006     0.015912     0.000438     1     1     0.131974     0.042405
05036966    62.735000    -0.201634     0.000278    -0.060467     0.024355     1     1     0.743830     0.184615
05039441     2.151383    -0.002914     0.000217     0.004106     0.002934     1     1     0.265950     0.029426
05080652     4.144357     0.000042     0.000010     0.003440     0.000813     1     1     0.127858     0.069028
05090690    24.023325     0.000018     0.000065    -0.013010     0.021238     1     1     0.125396     0.076126
05091614    21.142458    -0.144620     0.000044     0.030254     0.007356     1     1     0.100957     0.060678
05097446     1.288064     0.000892     0.000080    -0.000136     0.000534     1     1     0.127733     0.075399
05110423     5.370434     0.000232     0.000188    -0.042018     0.033168     1     1     0.095869     0.054043
05113053     3.185100     0.000072     0.000015    -0.001726     0.000974     1     1     0.150516     0.051164
05115178    12.851724    -0.210820     0.000046    -0.010031     0.005954     1     1     0.077479     0.046200
05181455     5.579631    -0.000061     0.000063    -0.000343     0.008886     1     1     0.148747     0.064252
05193386    21.378294    -0.007033     0.000001     0.013859     0.000065     1     1     0.085982     0.053076
05215700     1.312402     0.000425     0.000021     0.000314     0.000557     1     1     0.110570     0.072248
05216727     1.513023     0.000004     0.000054    -0.002627     0.002361     1     1     0.106408     0.050222
05218014    10.845293    -0.221594     0.000499     0.083101     0.027819     1     1     0.429698     0.054367
05263802     6.700506    -0.006888     0.000047    -0.001859     0.005251     1     1     0.175069     0.067092
05264304   120.580000    -0.367230     0.000035    -0.016464     0.005989     1     1     0.476428     0.092346
05266937     5.917086    -0.000068     0.000023     0.010033     0.000670     1     1     0.115479     0.064916
05269407     0.958871     0.000598     0.000060    -0.015216     0.001286     1     1     0.109590     0.055487
05284133     8.784576    -0.182862     0.000053    -0.103296     0.002419     1     1     0.060033     0.077740
05285607     3.899401     0.000013     0.000059    -0.007677     0.003243     1     1     0.150207     0.042662
05286786     9.948746    -0.035914     0.000509    -0.093907     0.071501     1     1     0.040662     0.084822
05288543     3.457076    -0.002483     0.000027     0.009427     0.000485     1     1     0.164408     0.056831
05294739     3.735995     0.008256     0.000025     0.008488     0.000490     1     1     0.108623     0.043720
05300878     1.279443    -0.000458     0.000006    -0.007250     0.000304     1     1     0.141860     0.046528
05310435     4.931364    -0.000815     0.000060     0.004837     0.002526     1     1     0.158396     0.056183
05347784     9.584059    -0.010919     0.000017     0.000981     0.001501     1     1     0.102019     0.052468
05356593    45.977868    -0.092241     0.000287     0.102850     0.009539     1     1     0.060235     0.079789
05359678     6.230610     0.000038     0.000015    -0.000781     0.001193     1     1     0.129325     0.052259
05370302     3.904327    -0.002205     0.000258    -0.283037     0.003600     1     1     0.219137     0.108564
05372966     9.286357    -0.025352     0.000046     0.054306     0.005236     1     1     0.107666     0.114774
05384802     6.083093    -0.000007     0.000063    -0.009330     0.008793     1     1     0.110114     0.069408
05392897    42.399299    -0.413234     0.000435    -0.392349     0.000971     1     1     0.034017     0.056603
05393558    10.217103    -0.023072     0.000012     0.141634     0.001257     1     1     0.104391     0.049776
05394544     0.431974     0.001121     0.000799     0.021187     0.028377     1     1     0.106753     0.041664
05444392     1.519528    -0.000230     0.000009     0.000134     0.000237     1     1     0.135017     0.054706
05450814     6.487533    -0.026620     0.000722    -0.306684     0.084885     1     1     0.144948     0.198259
05456023   131.978307    -0.028067     0.000074     0.180909     0.013842     1     1     0.450218     0.411521
05460835    21.539274    -0.162087     0.000035    -0.006065     0.009262     1     1     0.066794     0.070735
05462901     5.270726     0.000178     0.000034     0.025669     0.004993     1     1     0.129702     0.084820
05471619     0.962835     0.001515     0.000031    -0.023946     0.000698     1     1     0.177473     0.053964
05473556    11.258824    -0.081781     0.000014     0.115314     0.000874     1     1     0.050523     0.074002
05479973     1.795273     0.001840     0.000109     0.005919     0.002553     1     1     0.090448     0.043350
05513861     1.510212    -0.000040     0.000015     0.000555     0.000419     1     1     0.161750     0.059147
05530881     5.082522     0.000170     0.000057     0.017705     0.001343     1     1     0.092574     0.068297
05534702     1.025466     0.000389     0.000027    -0.006008     0.000762     1     1     0.089043     0.055286
05534814     9.718775    -0.000092     0.000137    -0.022683     0.042994     1     1     0.045182     0.068567
05535280    74.985301    -0.686411     0.000034    -0.008526     0.005566     1     1     1.645913     0.061038
05553624    25.762071    -0.106435     0.000057    -0.532133     0.000724     1     1     0.059911     0.046815
05597970     6.717384    -0.000278     0.000013     0.017055     0.000889     1     1     0.085888     0.042439
05598639     1.297551     0.000266     0.000025    -0.008149     0.000803     1     1     0.111349     0.032961
05621294     0.938905     0.002097     0.000057    -0.003462     0.000959     1     1     0.185028     0.056493
05622250    16.294214    -0.320975     0.000108     0.037555     0.007946     1     1     0.095809     0.077468
05632781    11.025202    -0.253476     0.000013    -0.106127     0.000441     1     1     0.054852     0.061553
05652260     8.929260     0.001309     0.000033    -0.008473     0.006181     1     1     0.103350     0.073628
05700330    53.220414    -0.476099     0.000199     0.357563     0.001020     1     1     0.089607     0.123428
05728139    10.668165     0.000130     0.001232     0.001888     0.004977     1     1     0.067520     0.051646
05728283     6.198279    -0.056047     0.000048    -0.118836     0.001250     1     1     0.100885     0.099316
05730394     5.519178    -0.000622     0.000038     0.003183     0.000600     1     1     0.195743     0.059210
05731312     7.946382    -0.418061     0.000277    -0.088268     0.007388     1     1     0.115862     0.054644
05735878    16.832082    -0.415871     0.000089    -0.063592     0.002001     1     1     0.066996     0.083271
05736461     7.346164    -0.109867     0.000019     0.041558     0.001255     1     1     0.088653     0.064548
05738506     9.501479    -0.153083     0.000050    -0.151793     0.002065     1     1     0.089262     0.078627
05738698     4.808774     0.000367     0.000007    -0.002997     0.000436     1     1     0.158423     0.066513
05768927     4.390512     0.000037     0.000044     0.047738     0.002640     1     1     0.213740     0.091553
05781192     9.459993    -0.031448     0.000010     0.047889     0.001408     1     1     0.057851     0.064359
05786154   197.920781    -0.342070     0.000023    -0.161406     0.000384     1     1     0.069860     0.093259
05796185    42.559235    -0.233925     0.003192     0.388894     0.030306     1     1     0.282296     0.137876
05802470     3.791873    -0.000018     0.000028    -0.008321     0.002022     1     1     0.177515     0.057373
05807579    17.844325    -0.256300     0.000066     0.089619     0.002718     1     1     0.068665     0.063350
05809827     1.222110     0.000081     0.000026     0.004099     0.000778     1     1     0.104376     0.063270
05817566     8.412198     0.000121     0.000019    -0.006360     0.000828     1     1     0.085352     0.088762
05866104    36.976000    -0.345397     0.001744    -0.378661     0.011396     1     1     0.040052     0.042676
05871918    12.643297    -0.158312     0.001050    -0.166342     0.036305     1     1     0.745626     1.341386
05872150    20.355103    -0.032300     0.000397     0.060288     0.008466     1     1     0.237234     0.081336
05876805    18.173036    -0.177848     0.000026    -0.196749     0.000615     1     1     0.043068     0.069259
05955321    11.637882    -0.005953     0.000003     0.482227     0.000412     1     1     0.057132     0.035949
05961350     5.262668    -0.000564     0.000878     0.060978     0.076522     1     1     0.048549     0.115609
05962716     1.804608     0.000379     0.000107    -0.005962     0.003619     1     1     0.177926     0.055445
05979863    16.621854    -0.033657     0.000058    -0.020633     0.004768     1     1     0.121003     0.064663
05982353    19.563095    -0.056652     0.000365    -0.018459     0.016098     1     1     0.145246     0.075276
05983348    25.150784    -0.007300     0.000008     0.178593     0.002065     1     1     0.058964     0.069036
05986209    23.737970    -0.192082     0.000153    -0.364806     0.001890     1     1     0.042934     0.054772
06029130    12.591632     0.011083     0.000006     0.011127     0.000964     1     1     0.078783     0.073155
06029214     0.819066     0.000308     0.000073    -0.008524     0.002123     1     1     0.098032     0.049264
06042116     5.407158    -0.065645     0.000032     0.015108     0.002155     1     1     0.143348     0.059085
06042663    30.971769    -0.074858     0.000003    -0.174939     0.000249     1     1     0.068664     0.045771
06044064     5.063207    -0.007368     0.000040     0.037841     0.000320     1     1     0.182706     0.066055
06045264     0.909310     0.000189     0.000009    -0.000456     0.000263     1     1     0.158327     0.044437
06058875     1.129868     0.000136     0.000010     0.002913     0.000530     1     1     0.193970     0.068427
06060580     2.313369     0.000064     0.000205     0.016308     0.018407     1     1     0.107691     0.054677
06063448    76.017696    -0.445503     0.000049     0.166303     0.000633     1     1     0.066465     0.064799
06103049     0.643171     0.001677     0.000100    -0.001848     0.002898     1     1     0.068781     0.041811
06109688    14.086788    -0.066971     0.000035     0.322720     0.000929     1     1     0.053856     0.070162
06128027     5.455766    -0.004986     0.000146     0.060942     0.007454     1     1     0.063462     0.103422
06131659    17.527830     0.000062     0.000011     0.000030     0.002133     1     1     0.158506     0.054232
06145939    17.745414     0.000004     0.000012    -0.017864     0.008541     1     1     0.098993     0.071648
06147573    25.836833    -0.363753     0.000016     0.016164     0.002072     1     1     0.090389     0.065814
06182019     3.664965    -0.000644     0.000589     0.062548     0.026037     1     1     0.121096     0.421510
06182849     6.399107     0.000231     0.000022     0.018214     0.000865     1     1     0.098342     0.064488
06185717    11.702204    -0.054270     0.000145     0.131468     0.019116     1     1     0.131351     0.091436
06187893     0.789168     0.000335     0.000164     0.014347     0.002548     1     1     0.127107     0.058267
06197038     9.751708     0.007472     0.000031     0.018468     0.001744     1     1     0.124651     0.065432
06205460     3.722832     0.004383     0.000001    -0.036868     0.000042     1     1     0.144620     0.061027
06206751     1.245334     0.000314     0.000036    -0.001276     0.001049     1     1     0.124433     0.071169
06220470     8.144136    -0.154277     0.000017    -0.076373     0.000320     1     1     0.077822     0.040191
06227560     4.803512    -0.001235     0.000005     0.040944     0.000551     1     1     0.109256     0.059136
06228703     8.400414     0.000027     0.000026     0.003429     0.002415     1     1     0.097803     0.070494
06231401     6.091956    -0.023133     0.000055    -0.000712     0.005996     1     1     0.091838     0.048155
06233466    15.873307    -0.028910     0.000052     0.004438     0.001871     1     1     0.136530     0.067344
06233903     5.990848    -0.002286     0.000016     0.001035     0.001433     1     1     0.101113     0.053590
06301030    11.991158    -0.307751     0.000007     0.010341     0.001141     1     1     0.059379     0.080208
06307062    75.379007    -0.577343     0.000015    -0.009969     0.002308     1     1     0.405065     0.049908
06307537    29.744524     0.005856     0.000004     0.020517     0.000052     1     1     0.180456     0.043312
06312521     3.015549     0.000048     0.000030    -0.026535     0.003275     1     1     0.096973     0.060914
06359798    14.154038    -0.409656     0.000040    -0.091588     0.001038     1     1     0.044119     0.073923
06362386     4.592402    -0.001009     0.000065    -0.005576     0.001382     1     1     0.142818     0.040298
06363494     1.815633    -0.000324     0.000104    -0.002149     0.003610     1     1     0.146125     0.071870
06367628     3.779692    -0.000212     0.000020    -0.000644     0.000529     1     1     0.113982     0.072919
06387450     3.661326    -0.001079     0.003335     0.019152     0.027792     1     1     0.137903     0.109358
06421188    16.434354    -0.193323     0.000082     0.094619     0.003150     1     1     0.046077     0.096996
06431670    29.911485    -0.331155     0.000023     0.039330     0.001747     1     1     0.058487     0.056224
06443392     0.776976    -0.000253     0.000142    -0.000906     0.006849     1     1     0.104590     0.047110
06448768    16.486798    -0.159307     0.000070     0.291866     0.000835     1     1     0.080095     0.043984
06449358     5.776790    -0.000249     0.000020     0.042876     0.000259     1     1     0.089279     0.078918
06449552    20.148811    -0.103958     0.000073    -0.276944     0.002291     1     1     0.076089     0.057998
06452742     1.375544     0.000037     0.000050    -0.007053     0.003169     1     1     0.178494     0.089403
06464285     0.843651     0.000552     0.000059    -0.031251     0.000928     1     1     0.076815     0.091759
06466939     2.285894    -0.000028     0.000005     0.001268     0.000442     1     1     0.107732     0.057076
06468938     7.217012    -0.034717     0.000023    -0.004291     0.002295     1     1     0.123640     0.045591
06504534    28.162600    -0.090702     0.000112     0.068882     0.018984     1     1     0.301636     0.063403
06521542     4.425754     0.000020     0.000005     0.006953     0.000429     1     1     0.116801     0.030277
06522750    17.445641    -0.070163     0.000009    -0.058981     0.001223     1     1     0.051484     0.068263
06523216    14.313156    -0.042250     0.000256    -0.069532     0.002034     1     1     0.107946     0.107755
06525196     3.420604     0.000052     0.000013    -0.000432     0.000954     1     1     0.142579     0.076595
06531485     0.676990     0.000053     0.000133     0.021407     0.005435     1     1     0.103420     0.069862
06531496    14.323914    -0.001135     0.000070     0.030091     0.009671     1     1     0.115200     0.059764
06543674     2.391030     0.000048     0.000007     0.002997     0.000276     1     1     0.133917     0.072660
06545018     3.991460     0.002697     0.000015     0.003986     0.000489     1     1     0.190147     0.057545
06546508     6.107057    -0.000843     0.000039    -0.006676     0.007106     1     1     0.130057     0.033678
06548447    10.768379    -0.106414     0.000006    -0.047907     0.000035     1     1     0.110132     0.074358
06579806     9.880482    -0.053236     0.000316     0.126332     0.037893     1     1     0.064580     0.578044
06591789     5.088410    -0.013166     0.000013     0.013750     0.000998     1     1     0.081813     0.079941
06594972    10.819171    -0.011086     0.000014    -0.017033     0.001168     1     1     0.104665     0.068371
06607610    63.518026    -0.108455     0.000028     0.158480     0.000893     1     1     0.053008     0.064199
06610219    11.300995    -0.012114     0.000004     0.196420     0.000421     1     1     0.105124     0.053664
06614926     3.026765     0.000085     0.000083     0.104548     0.001090     1     1     0.180099     0.091693
06620003     3.428551    -0.000367     0.000045    -0.007570     0.006800     1     1     0.164125     0.051742
06629332     4.310556     0.000008     0.000053     0.026408     0.008467     1     1     0.112947     0.052700
06629588     2.264471    -0.003174     0.000099     0.001326     0.002409     1     1     0.128735     0.087526
06665223   119.412025     0.000055     0.000002     0.037253     0.001781     1     1     0.025784     0.046994
06672229    23.832374    -0.058433     0.000017    -0.175537     0.001433     1     1     0.042825     0.049518
06694186     5.554224     0.010073     0.000205     0.001416     0.013235     1     1     0.089320     0.262978
06695889     1.106561    -0.000138     0.000023    -0.018022     0.001121     1     1     0.083899     0.070507
06697716     1.443249     0.000054     0.000015     0.012742     0.001034     1     1     0.130201     0.064250
06706287     2.535388     0.000104     0.000007    -0.004817     0.000471     1     1     0.133501     0.061466
06707942     9.014200    -0.081799     0.000992     0.042074     0.080631     1     1     0.030941     0.070814
06756669     5.851532     0.002470     0.001172     0.220089     0.057027     1     1     0.103475     0.079082
06762829    18.795266    -0.003946     0.000543    -0.035758     0.003185     1     1     0.246298     0.145795
06766748     7.002865    -0.004261     0.000018    -0.007230     0.000736     1     1     0.150434     0.059418
06778050     0.945828     0.000050     0.000010     0.001668     0.000391     1     1     0.105979     0.064427
06778289    30.130150    -0.051228     0.000022     0.220314     0.001070     1     1     0.062053     0.058096
06781535     9.122086    -0.251237     0.000043     0.017942     0.004544     1     1     0.091774     0.053468
06806632     9.469157    -0.323948     0.000252     0.089048     0.004888     1     1     0.048307     0.171978
06841577    15.537535    -0.117577     0.000118     0.107728     0.006830     1     1     0.072548     0.060204
06842345    17.381612     0.000010     0.000041    -0.071945     0.016300     1     1     0.116913     0.131298
06859813    10.882422    -0.235382     0.000477    -0.116443     0.016656     1     1     0.092774     0.040497
06863229     1.994921     0.000544     0.000110     0.002748     0.000309     1     1     0.115375     0.061375
06863840     3.852734     0.000229     0.000005     0.001949     0.000465     1     1     0.136211     0.064108
06864859    40.877843    -0.634476     0.000008    -0.007767     0.001108     1     1     0.077177     0.055978
06866228     7.702370    -0.015166     0.000647     0.071011     0.067671     1     1     0.107301     0.099928
06877673    36.758887    -0.098154     0.000001    -0.120122     0.000066     1     1     0.208639     0.071383
06891512     3.505126    -0.000057     0.000006    -0.004423     0.000352     1     1     0.130637     0.057616
06927629     7.735228     0.000016     0.000007    -0.000377     0.000775     1     1     0.108143     0.070963
06939670     4.238855    -0.000144     0.000051     0.013734     0.002752     1     1     0.101418     0.069998
06949550     7.841067    -0.264773     0.000004    -0.003702     0.000544     1     1     0.283323     0.046543
06956216     4.818830    -0.006969     0.000064     0.008184     0.000842     1     1     0.239059     0.070679
06960446    10.149000     0.006155     0.000039     0.008009     0.004877     1     1     0.124474     0.052418
06962018     1.269894     0.000365     0.000006     0.021531     0.000489     1     1     0.157046     0.064090
06965293     5.077820     0.010100     0.000064     0.015667     0.011735     1     1     0.068808     0.051692
07009828    10.642454    -0.000035     0.000020     0.001278     0.001809     1     1     0.094238     0.051616
07021177    18.645328    -0.070717     0.000034    -0.554314     0.000601     1     1     0.054515     0.067947
07025540     2.148207    -0.000051     0.000006     0.010744     0.000485     1     1     0.120402     0.052050
07025851     4.681000    -0.000165     0.000023     0.013918     0.001827     1     1     0.093042     0.053879
07033748     4.392710    -0.000017     0.000011     0.000730     0.000370     1     1     0.160370     0.049492
07037405   207.150524    -0.158724     0.000016     0.107063     0.000187     1     1     0.078199     0.043547
07037540    14.405911    -0.005255     0.000086     0.103847     0.007496     1     1     0.181484     0.129971
07049486    26.718425    -0.274883     0.000103    -0.074427     0.004834     1     1     0.076101     0.052853
07097571     2.213964     0.000679     0.000144     0.014602     0.001051     1     1     0.189840     0.075616
07105574    20.726066    -0.526440     0.000031    -0.016472     0.002741     1     1     0.068310     0.048277
07118545    14.797219    -0.276311     0.000393     0.157594     0.003412     1     1     0.026955     0.120319
07121885    33.937542    -0.242522     0.000294     0.232444     0.004913     1     1     0.076853     0.092079
07122259    20.882168    -0.159097     0.002457    -0.056004     0.039199     0     1     4.330834     0.555257
07125636     6.490661    -0.015848     0.000009    -0.002526     0.001549     1     1     0.209674     0.048871
07128918     7.118799     0.004484     0.000021     0.006326     0.002846     1     1     0.121918     0.053311
07129465     5.491822     0.000040     0.000008     0.009875     0.000749     1     1     0.153849     0.074267
07132542    66.360987    -0.381027     0.000011    -0.033206     0.000809     1     1     0.090990     0.059656
07136958    29.015853    -0.195488     0.000039    -0.065382     0.002770     1     1     0.060586     0.056679
07137798     2.253537    -0.002252     0.000056     0.051174     0.004269     1     1     0.120333     0.047829
07177553    17.996467    -0.391189     0.000030    -0.008733     0.005345     1     1     0.090338     0.048850
07199774     4.708128     0.000115     0.000038     0.025927     0.003063     1     1     0.146355     0.063321
07200102    14.665757    -0.237737     0.000131     0.349519     0.001386     1     1     0.080063     0.071557
07203179     2.245739     0.000160     0.000013     0.003055     0.000387     1     1     0.105581     0.066568
07212066     3.840486     0.002627     0.000117    -0.001071     0.012990     1     1     0.121377     0.055938
07212722     2.316172     0.000267     0.000018     0.001718     0.000875     1     1     0.101118     0.057752
07257373    10.466902    -0.000025     0.000003     0.003742     0.000433     1     1     0.126447     0.031860
07258889     0.903905     0.000087     0.000022    -0.017084     0.000593     1     1     0.137869     0.055442
07270230     6.998090    -0.000296     0.000891    -0.056006     0.081928     1     1     0.351974     0.112725
07336754    12.155245     0.012504     0.000029     0.011662     0.003223     1     1     0.087330     0.070992
07353970   198.443496    -0.020707     0.000005    -0.099956     0.002077     1     1     0.083854     0.032268
07362852     7.036714    -0.001533     0.000006     0.003291     0.000556     1     1     0.110852     0.046790
07368103     2.182515     0.000945     0.000139     0.000896     0.003386     1     1     0.155322     0.063879
07369523     5.318837     0.000178     0.000006    -0.002772     0.000451     1     1     0.132693     0.036762
07374746     2.733892    -0.000075     0.000013     0.000868     0.001137     1     1     0.060321     0.042642
07376500     5.877128    -0.385708     0.000114    -0.085922     0.003345     1     1     0.131017     0.151287
07385478     1.655478     0.000087     0.000081     0.005164     0.002970     1     1     0.104901     0.059745
07455553     6.516497     0.000455     0.000713     0.020079     0.076517     1     1     0.022181     0.176745
07506446     0.352600    -0.000369     0.000011    -0.005774     0.000250     1     1     0.152014     0.061563
07541502    44.827323    -0.474673     0.001142     0.205154     0.009284     1     1     0.050028     0.226921
07584826     0.622309     0.005065     0.000037    -0.008457     0.000977     1     1     0.155250     0.074874
07593110     3.549384    -0.002974     0.000042    -0.056109     0.003898     1     1     0.113500     0.040083
07597703     9.217803     0.000003     0.000004     0.001368     0.000476     1     1     0.109469     0.053029
07605600     3.326193     0.000635     0.000144     0.012230     0.001944     1     1     0.136807     0.077128
07620844    58.621570    -0.064611     0.000077     0.149197     0.007707     1     1     0.087484     0.080780
07624297    18.019652    -0.011137     0.000072    -0.010133     0.013901     1     1     0.104579     0.054688
07630658     2.151135     0.000175     0.000017     0.005493     0.000768     1     1     0.092122     0.040843
07670485     8.467706    -0.009760     0.000012     0.014436     0.003038     1     1     0.111199     0.061349
07671594     1.410348     0.001107     0.000023     0.044578     0.002743     1     1     0.079516     0.036193
07677005    38.058139    -0.475482     0.000097    -0.157889     0.001258     1     1     0.066370     0.059520
07690843     0.786261     0.000768     0.000129     0.005471     0.003296     1     1     0.098189     0.042223
07691527     4.800231    -0.067546     0.000008     0.056441     0.000874     1     1     0.080188     0.060890
07695093     4.032768     0.000685     0.000255     0.021311     0.009485     1     1     0.167947     0.224870
07708193     7.942450    -0.000285     0.000073     0.011009     0.005324     1     1     0.167826     0.100201
07750740     5.874198     0.000165     0.000065     0.012531     0.004745     1     1     0.164825     0.047561
07751562    17.042159    -0.198692     0.000071     0.071149     0.002394     1     1     0.048553     0.044751
07770471     1.157805     0.000475     0.000024    -0.022496     0.000688     1     1     0.183660     0.042710
07802136    10.980246    -0.087472     0.000079     0.023648     0.012643     1     1     0.049389     0.114289
07816680     8.585198    -0.000032     0.000014     0.027798     0.001656     1     1     0.086013     0.048716
07818448     0.618952    -0.000229     0.000034     0.000356     0.000840     1     1     0.125147     0.050873
07821010    24.238243    -0.349536     0.000159    -0.575955     0.000527     1     1     0.057694     0.053079
07830637   121.599181    -0.172626     0.000029     0.130122     0.001253     1     1     0.064429     0.081402
07838906     5.614949     0.001799     0.001183     0.024336     0.083903     1     1     0.062907     0.061875
07846730    11.028227    -0.019895     0.000040    -0.035293     0.000548     1     1     0.095428     0.036003
07847927    70.376267    -0.135026     0.000108     0.118951     0.006586     1     1     0.091889     0.057447
07866921    91.499889    -0.187636     0.000009    -0.026919     0.001577     1     1     0.089808     0.076943
07877824     9.449426    -0.192427     0.000008     0.010567     0.000925     1     1     0.090383     0.082011
07898576     8.646898    -0.013051     0.000012    -0.037662     0.000214     1     1     0.153797     0.060056
07919653     4.210477    -0.000034     0.000024    -0.000681     0.001309     1     1     0.077221     0.064424
07938468     7.226951     0.000780     0.000021    -0.000442     0.000769     1     1     0.139136     0.078298
07938870     0.580726     0.000555     0.000125     0.011008     0.000776     1     1     0.102332     0.075491
07943535     4.719339    -0.150302     0.000158    -0.019625     0.018372     1     1     0.042319     0.078061
07947631     2.516556    -0.000189     0.000099     0.007223     0.011441     1     1     0.081939     0.063713
07950775     8.966611    -0.208770     0.000058     0.035900     0.005979     1     1     0.057987     0.079834
07960547     6.767341    -0.016102     0.000007    -0.030913     0.000860     1     1     0.103116     0.045162
07970629     2.051069     0.000007     0.000022    -0.003212     0.000964     1     1     0.128384     0.055705
07970760     7.649413    -0.000990     0.000174     0.005275     0.000702     1     1     0.130581     0.069379
07971389    26.349614     0.000044     0.000021    -0.023432     0.006280     1     1     0.162596     0.050713
07985167     1.384478     0.000176     0.000048    -0.014342     0.001950     1     1     0.121359     0.066584
07987749    17.030854    -0.142109     0.000031     0.021948     0.005615     1     1     0.082504     0.088946
08008128    14.854415    -0.411539     0.000890    -0.074072     0.023970     1     1     0.098221     0.070048
08009500    38.476639    -0.346292     0.001279    -0.192311     0.018580     1     1     0.105298     0.099378
08016214     3.174971    -0.000691     0.000033    -0.001826     0.000359     1     1     0.116319     0.070597
08043714     6.814989     0.004707     0.000404     0.120052     0.036477     1     1     0.103008     0.442510
08043961     1.559212    -0.000130     0.000018    -0.000650     0.000501     1     1     0.126133     0.070105
08044608   106.175938    -0.585815     0.000384     0.064507     0.009950     1     1     0.117854     0.212320
08052474   245.440000    -0.143274     0.000290     0.206691     0.009346     1     1     0.049970     0.070239
08074045     0.536393     0.001684     0.000059     0.000911     0.000606     1     1     0.118210     0.047454
08075618    17.561207    -0.000006     0.000013    -0.001380     0.004910     1     1     0.107803     0.060177
08081389     1.489440     0.000082     0.000024    -0.001807     0.000717     1     1     0.131905     0.056973
08088354     2.897830     0.000590     0.000085    -0.008664     0.006633     1     1     0.128135     0.085293
08094140     0.706429     0.000371     0.000025     0.000388     0.000807     1     1     0.073298     0.034341
08097825     2.936852    -0.000385     0.000020    -0.001736     0.000665     1     1     0.110671     0.071010
08098300     4.305918     0.005311     0.000007    -0.018440     0.000468     1     1     0.078473     0.055618
08106973   439.108378    -0.042114     0.000004     0.061819     0.001159     1     1     0.060519     0.059428
08111622    15.446059    -0.519462     0.000264     0.098201     0.005078     1     1     0.124864     0.114030
08112013     1.790518     0.001616     0.000108     0.034565     0.024863     1     1     0.160976     0.100604
08128965     7.140378    -0.000083     0.000083     0.033371     0.000649     1     1     0.139630     0.041890
08129189    53.647081    -0.204880     0.000042    -0.015802     0.005922     1     1     0.072992     0.074209
08145789     1.670629    -0.000173     0.000095     0.009321     0.007103     1     1     0.110139     0.033853
08177798     2.900412     0.000041     0.000128     0.001151     0.009033     1     1     0.120467     0.107318
08180020     5.803126     0.009607     0.000878     0.003382     0.023660     1     1     0.188820     0.054138
08183389    32.440340    -0.344710     0.000261    -0.083775     0.009126     1     1     0.297568     0.152755
08193315     2.623874    -0.000059     0.000048     0.001463     0.001320     1     1     0.148579     0.051611
08196180     3.671661    -0.153040     0.000039     0.020475     0.002093     1     1     0.112426     0.048020
08229048     5.478953     0.000138     0.000069    -0.001833     0.007710     1     1     0.112804     0.081205
08231877     2.615528    -0.000067     0.000129    -0.009897     0.011456     1     1     0.114320     0.045644
08234477     4.028672     0.001105     0.000920     0.000224     0.000484     1     1     0.131665     0.093929
08243263     3.518553     0.000007     0.000050     0.007824     0.003936     1     1     0.073442     0.066703
08244173     2.184132    -0.000038     0.000006     0.013484     0.000416     1     1     0.138310     0.040418
08248812     0.685366     0.000503     0.000035     0.008313     0.000446     1     1     0.116953     0.055138
08262223     1.613015     0.000209     0.000031     0.002120     0.001228     1     1     0.122965     0.059610
08264097     2.897470    -0.001560     0.000211    -0.033614     0.005697     1     1     0.164501     0.071127
08285254     7.535896     0.000668     0.000028     0.004546     0.001923     1     1     0.111635     0.060522
08288719     1.510097    -0.000040     0.000068    -0.018681     0.004659     1     1     0.089421     0.050382
08296467    10.303356    -0.194597     0.000029     0.198673     0.000712     1     1     0.052355     0.060968
08299947     5.365600     0.000165     0.000008     0.001436     0.001078     1     1     0.103201     0.045445
08301013     4.428059     0.001488     0.000006    -0.000207     0.000431     1     1     0.142849     0.041749
08302455     4.883976     0.000131     0.000025    -0.013420     0.001814     1     1     0.113652     0.074379
08312222    12.823276    -0.054702     0.000018    -0.090907     0.001860     1     1     0.062348     0.090020
08314801    37.183278    -0.386342     0.000002     0.018997     0.000071     1     1     0.105993     0.047461
08316503     5.065330    -0.109535     0.000044     0.006911     0.002952     1     1     0.157753     0.062697
08345358     9.380633     0.000035     0.000051    -0.005164     0.007868     1     1     0.093805     0.058799
08356054    17.081231    -0.028587     0.000027    -0.250100     0.003182     1     1     0.054404     0.105403
08364119     7.735910     0.018214     0.000006     0.020142     0.000642     1     1     0.133898     0.055596
08374499     5.251918     0.013021     0.000027    -0.009026     0.000963     1     1     0.148365     0.053904
08378656     3.629440     0.014818     0.000016     0.016483     0.000083     1     1     0.187759     0.031704
08378922    43.263306    -0.113223     0.000031     0.289289     0.000851     1     1     0.052552     0.066596
08381592     5.784180    -0.004448     0.000030     0.008382     0.004069     1     1     0.133558     0.043755
08411947     1.797675    -0.002084     0.000011    -0.002785     0.000578     1     1     0.083085     0.076269
08414159    11.931133    -0.000303     0.000059    -0.037863     0.003629     1     1     0.183513     0.067455
08414914   100.302500    -0.477708     0.000143     0.051046     0.005952     1     1     0.186358     0.060963
08415863    27.533799    -0.220381     0.000287    -0.075206     0.016957     1     1     0.193581     0.180107
08429450     2.705143     0.000005     0.000009     0.001005     0.000349     1     1     0.071952     0.048245
08430105    63.327106    -0.249881     0.000094     0.009631     0.000198     1     1     0.158114     0.061339
08444552     1.178100     0.000186     0.000029    -0.033088     0.001701     1     1     0.116569     0.080653
08445775    26.508271    -0.000031     0.000022     0.038703     0.007818     1     1     0.119930     0.086344
08453191    11.553531     0.000077     0.000011    -0.012624     0.001193     1     1     0.147111     0.063369
08453324     2.524544     0.000022     0.000240    -0.006732     0.015077     1     1     0.069184     0.041626
08460600     6.352087    -0.000376     0.000463     0.031349     0.014408     1     1     0.146566     0.186854
08479386    11.720756     0.000024     0.000005     0.001342     0.000483     1     1     0.134011     0.039380
08488876     5.801881    -0.137204     0.001202     0.012183     0.067920     1     1     0.013188     0.082387
08491745   111.319929    -0.153492     0.000035    -0.001284     0.000335     1     1     0.163810     0.066137
08504570     4.007705     0.000247     0.000025    -0.000276     0.001376     1     1     0.134022     0.057747
08509346     6.099033     0.008004     0.000162     0.013578     0.016543     1     1     0.219340     0.213526
08543278     7.549300    -0.013035     0.000046     0.029853     0.011166     1     1     0.086355     0.056759
08552540     1.061934     0.000512     0.000011    -0.001460     0.000329     1     1     0.132249     0.043687
08553788     1.606163     0.000183     0.000110     0.001575     0.002839     1     1     0.092864     0.056243
08553907    42.032213    -0.469432     0.000089     0.204155     0.000889     1     1     0.045193     0.052928
08559589   223.113048    -0.162983     0.000143     0.127968     0.006751     1     1     0.054971     0.056434
08559863    22.470496    -0.034877     0.000030     0.003355     0.005248     1     1     0.101731     0.091425
08560861    31.973233    -0.036631     0.000033    -0.008828     0.004064     1     1     0.090314     0.059308
08569819    20.849922     0.004153     0.000064    -0.370270     0.001027     1     1     0.193396     0.036734
08572936    27.795808    -0.166147     0.000069    -0.490445     0.000648     1     1     0.049939     0.048517
08574270    15.120190    -0.228412     0.000388    -0.084237     0.020339     1     1     0.282630     0.062665
08580438     6.496033    -0.000295     0.005621    -0.002813     0.009906     1     1     0.248342     0.072380
08581658     3.481657    -0.000708     0.000033     0.006446     0.000722     1     1     0.146940     0.071455
08589754     8.939381    -0.000464     0.000006    -0.024355     0.000721     1     1     0.134260     0.038282
08590527     0.739770    -0.000273     0.000362    -0.018800     0.011622     1     1     0.137890     0.065600
08590780     8.653893     0.000102     0.000004    -0.008598     0.000559     1     1     0.097154     0.056066
08604993     6.570421     0.011145     0.000058    -0.005396     0.005187     1     1     0.157755     0.089250
08605074    37.601622    -0.132929     0.000056     0.088067     0.002771     1     1     0.073461     0.057966
08608310     0.950382     0.000287     0.000021    -0.000667     0.000452     1     1     0.141348     0.046354
08608490     1.082810     0.000505     0.000009     0.016776     0.000377     1     1     0.125005     0.056385
08610483    48.799368    -0.326224     0.000128    -0.268844     0.001353     1     1     0.064522     0.061908
08618226     5.882036     0.000181     0.000019     0.064448     0.002494     1     1     0.095435     0.080853
08621026     4.059429    -0.001102     0.000073     0.013306     0.001265     1     1     0.124187     0.078186
08668810   313.100000    -0.391570     0.000187     0.040100     0.013635     1     1     0.880640     0.653087
08686150    51.425890    -0.236392     0.000247     0.404997     0.002141     1     1     0.072913     0.095823
08700506    43.797795    -0.264514     0.000121    -0.462710     0.000780     1     1     0.036140     0.039138
08701327     8.508841    -0.002010     0.000006    -0.003378     0.000658     1     1     0.089427     0.059697
08711548    18.778161    -0.156255     0.000018    -0.127536     0.000861     1     1     0.092596     0.053568
08719897     3.151425    -0.000035     0.000011     0.005295     0.000570     1     1     0.075271     0.079680
08736245     5.069482    -0.000587     0.000025     0.003014     0.000679     1     1     0.106663     0.060459
08738115    37.594266    -0.397763     0.005233    -0.484025     0.020464     1     1     0.248365     0.313351
08746310     6.855624     0.000100     0.000084     0.013730     0.009998     1     1     0.125733     0.049096
08773948    33.469524    -0.017429     0.000172     0.241948     0.000753     1     1     0.208941     0.056498
08780968     5.234487    -0.000255     0.000022    -0.005496     0.000930     1     1     0.116326     0.035073
08784288     3.655118     0.000038     0.000006    -0.012101     0.000397     1     1     0.135048     0.065282
08801343     2.739874     0.004189     0.000171     0.021144     0.038255     1     1     0.187495     1.396747
08823397     1.506504     0.000287     0.000016    -0.009034     0.000472     1     1     0.130792     0.057001
08841616     1.679585    -0.000692     0.000136     0.007655     0.003063     1     1     0.111040     0.064583
08845221     5.403462     0.001347     0.000068     0.003254     0.000476     1     1     0.133522     0.065081
08848271     9.991665    -0.282881     0.001156     0.044698     0.082111     1     1     0.057113     0.031445
08868650     4.447130    -0.001007     0.000213    -0.014434     0.000458     1     1     0.114105     0.078427
08879427    16.313285    -0.450825     0.000938     0.024594     0.067028     1     1     0.147629     0.185873
08879915     3.442627     0.000330     0.000005    -0.000056     0.000539     1     1     0.121285     0.049257
08892720    61.491143    -0.489346     0.000109     0.059610     0.003559     1     1     0.094553     0.114761
08906676     8.209515     0.000377     0.000058     0.006200     0.008681     1     1     0.154528     0.054653
08935352    10.908800     0.000047     0.000027    -0.002669     0.001100     1     1     0.113288     0.085619
08937019     5.663652    -0.257289     0.000042    -0.149916     0.001047     1     1     0.059161     0.050164
08938628     6.862216    -0.002741     0.000033     0.016579     0.007013     1     1     0.159001     0.042683
08939650     3.655321    -0.000105     0.000042    -0.002488     0.002633     1     1     0.161143     0.065743
08953059     5.499940    -0.100604     0.000155     0.072791     0.004748     1     1     0.053405     0.254335
08953296     0.784295     0.002141     0.000066    -0.012385     0.001350     1     1     0.114425     0.058933
08953426     5.331751     0.000012     0.000021     0.005464     0.001013     1     1     0.093873     0.076203
08957954     4.359850     0.000091     0.000008    -0.008674     0.000579     1     1     0.166163     0.079583
08971432     0.624387     0.002545     0.000398    -0.091084     0.011657     1     1     0.168182     0.070336
08973000    28.027873    -0.224256     0.000103     0.451301     0.000722     1     1     0.073445     0.052437
08984706    10.135400     0.014716     0.000006     0.005589     0.000748     1     1     0.100597     0.079638
09001468    17.329966    -0.273739     0.000513    -0.425490     0.003605     1     1     0.077564     0.093360
09007918     1.387207     0.001323     0.000163     0.010796     0.002966     1     1     0.141024     0.057933
09020426     0.913393    -0.000059     0.000007     0.001673     0.000235     1     1     0.091634     0.056202
09029486     6.277161     0.000166     0.000006    -0.002733     0.000975     1     1     0.082019     0.067892
09048145     8.667826     0.000407     0.001079    -0.003723     0.065479     1     1     0.034077     0.076765
09083523     0.918421     0.000523     0.000052     0.054226     0.001144     1     1     0.136942     0.093349
09091810     0.479722    -0.000825     0.000010    -0.000492     0.000240     1     1     0.102241     0.060343
09098810     8.258182     0.008822     0.000007     0.136403     0.000945     1     1     0.111487     0.048857
09119405    18.646323    -0.432635     0.000035     0.087245     0.000912     1     1     0.076245     0.053540
09143254     2.275049    -0.000087     0.000082    -0.017831     0.007577     1     1     0.069093     0.037279
09159301     3.044771     0.000521     0.000005    -0.037674     0.000184     1     1     0.176978     0.065598
09163674     1.546289     0.000089     0.000014     0.000610     0.000509     1     1     0.094189     0.044404
09164836    48.118819    -0.386288     0.000361     0.045253     0.026270     1     1     2.511151     0.140794
09172506    50.440314    -0.690184     0.000332     0.330171     0.001298     1     1     0.062740     0.068980
09179531     6.510780     0.007306     0.000014    -0.014546     0.001037     1     1     0.079806     0.046170
09207508     2.015152     0.000207     0.000023    -0.022459     0.000705     1     1     0.169687     0.076232
09210828     1.656413    -0.000249     0.000022    -0.002412     0.001166     1     1     0.110686     0.062371
09236858     2.537082     0.001168     0.000040     0.006570     0.001046     1     1     0.146628     0.064511
09246715   171.277697    -0.339711     0.000032    -0.057939     0.001487     1     1     0.047482     0.048793
09266285     5.613870    -0.003115     0.000070    -0.009996     0.004409     1     1     0.085753     0.071239
09284741    20.729264    -0.275560     0.000074    -0.231133     0.001107     1     1     0.049281     0.072618
09291748    15.926994    -0.017651     0.000066     0.067540     0.004243     1     1     0.097799     0.048060
09328852     0.645852     0.002366     0.000059     0.006565     0.001928     1     1     0.208819     0.041692
09344623    14.759479    -0.146167     0.000012    -0.119442     0.000621     1     1     0.057981     0.045688
09346253    34.064578    -0.327088     0.000397    -0.006935     0.003113     1     1     0.223213     0.096124
09353182    10.476257    -0.035269     0.000015     0.050103     0.000517     1     1     0.083040     0.051459
09357275     1.588298     0.000335     0.000066     0.000677     0.002153     1     1     0.118175     0.058588
09392702     3.909314    -0.000346     0.000059    -0.000413     0.002471     1     1     0.148517     0.053210
09402652     1.073104    -0.000033     0.000011    -0.001337     0.000255     1     1     0.120126     0.056212
09412462    10.186590    -0.021279     0.000007    -0.024855     0.000495     1     1     0.099663     0.077163
09418994    32.003801    -0.134465     0.000255    -0.221051     0.008128     1     1     0.058678     0.043377
09446824     4.202335    -0.002115     0.000119     0.145812     0.005140     1     1     0.106753     0.080024
09451096     1.250391     0.000620     0.000024    -0.008592     0.000682     1     1     0.093092     0.062047
09451127     5.117402     0.000278     0.002267    -0.006323     0.028989     1     1     0.035919     0.086722
09468296     5.748826     0.006693     0.000217     0.034318     0.041408     1     1     0.235210     0.054906
09474222    13.691788    -0.337869     0.000054    -0.032414     0.001857     1     1     0.063694     0.071106
09474485     1.025163    -0.000090     0.000008     0.002141     0.000337     1     1     0.121342     0.097060
09474969    21.570506    -0.414704     0.000005     0.064592     0.000062     1     1     0.141566     0.051251
09489411     6.688928    -0.001649     0.000008    -0.016498     0.000251     1     1     0.109042     0.061843
09509207    14.199840    -0.369218     0.000089    -0.208084     0.001109     1     1     0.059132     0.056351
09520700     4.273669     0.000101     0.000012     0.006041     0.000693     1     1     0.115874     0.067372
09528430    90.082517    -0.354760     0.000055     0.102172     0.001335     1     1     0.075153     0.045902
09529856    37.482225    -0.461312     0.000152     0.020853     0.029925     1     1     0.509949     0.066463
09532123     8.215000    -0.207082     0.000074    -0.021221     0.009178     1     1     0.050294     0.082366
09540450     2.154713    -0.000076     0.000011     0.006383     0.000623     1     1     0.103900     0.053898
09569866     1.480323     0.000071     0.000020    -0.024842     0.000631     1     1     0.144236     0.081568
09576197     7.964434    -0.007472     0.000373     0.009823     0.003641     1     1     0.115680     0.077618
09579192    12.083542    -0.290157     0.001158     0.199911     0.013190     1     1     0.032142     0.066028
09579499     7.946715    -0.081374     0.000683     0.237033     0.033518     1     1     0.154081     0.059066
09592575     2.637575    -0.000001     0.000019    -0.004696     0.000925     1     1     0.110226     0.080857
09592855     1.219325     0.000044     0.000022     0.000310     0.000691     1     1     0.110872     0.042930
09597095     2.745640     0.000367     0.000109    -0.006657     0.006408     1     1     0.100806     0.123714
09602595     3.556508     0.001595     0.000005    -0.018909     0.000113     1     1     0.130210     0.036178
09613070     2.331853     0.000483     0.000044     0.018684     0.002121     1     1     0.192557     0.054155
09635529     4.703910     0.000112     0.000011    -0.007488     0.000600     1     1     0.073345     0.070374
09637299     1.882441    -0.000086     0.000024     0.002546     0.000841     1     1     0.075699     0.069637
09641031     2.178154    -0.000007     0.000010     0.000840     0.000559     1     1     0.087996     0.095520
09649222     5.918619     0.000839     0.000364     0.020439     0.011680     1     1     0.122217     0.231319
09652632     4.977624    -0.002010     0.000017    -0.009130     0.000872     1     1     0.096449     0.053392
09654476     0.396324     0.004424     0.000024    -0.012813     0.000507     1     1     0.136972     0.068049
09658118    24.059995    -0.152471     0.000067    -0.324289     0.001208     1     1     0.056053     0.062559
09665503    11.567979    -0.241497     0.000059     0.125641     0.001865     1     1     0.054245     0.069069
09673173    21.294740    -0.566141     0.000017     0.005801     0.001888     1     1     0.068993     0.041080
09692336     0.687898     0.000828     0.000052     0.013283     0.000606     1     1     0.159608     0.060166
09714358     6.474177     0.014081     0.000062    -0.020271     0.008292     1     1     0.116722     0.071604
09715925     6.308199    -0.198571     0.000135    -0.002502     0.022977     1     1     0.085707     0.063050
09762519     7.515147    -0.037925     0.000042    -0.000280     0.005839     1     1     0.069566     0.047037
09775253     8.788496    -0.000137     0.000002     0.145356     0.000334     1     1     0.085814     0.070478
09777062    19.230038    -0.156112     0.000073    -0.104633     0.004041     1     1     0.061935     0.068237
09777090     5.508136    -0.006557     0.000087     0.008947     0.013153     1     1     0.220346     0.083139
09785454   184.520000    -0.499628     0.000742     0.092104     0.018489     1     1     0.699307     0.511083
09786017     4.498003     0.001108     0.000081     0.005679     0.001013     1     1     0.097932     0.056556
09813678     0.505079     0.000767     0.000227     0.006307     0.010301     1     1     0.060507     0.084982
09818732    45.035591    -0.319394     0.000046     0.165318     0.000846     1     1     0.044694     0.080726
09821078     8.429438     0.000732     0.000011    -0.025980     0.001266     1     1     0.171800     0.065617
09833618     1.408502     0.000948     0.000052    -0.024450     0.001048     1     1     0.097081     0.065628
09833806     0.393177     0.002893     0.000259    -0.010743     0.006855     1     1     0.065070     0.052916
09837083     0.623394    -0.000664     0.000069     0.026315     0.003380     1     1     0.097273     0.045621
09837578    20.733749     0.008651     0.000005     0.127807     0.000876     1     1     0.102140     0.045361
09838060    23.815828    -0.072001     0.000140    -0.014347     0.048434     1     1     0.042553     0.049548
09838975    18.692866    -0.052576     0.000071     0.164068     0.003138     1     1     0.065892     0.065254
09850387     2.748501     0.000312     0.000026     0.001673     0.000995     1     1     0.171539     0.048011
09851142     8.480300    -0.202926     0.000715    -0.128201     0.003250     1     1     0.107787     0.065959
09851944     2.163902     0.000016     0.000021     0.002097     0.000573     1     1     0.066688     0.059289
09873869     4.994778    -0.000101     0.000066     0.003372     0.002827     1     1     0.147758     0.090172
09881258     4.057025     0.000104     0.000020    -0.000006     0.001023     1     1     0.160316     0.050131
09892471     8.268083    -0.000425     0.000005     0.086994     0.000527     1     1     0.125984     0.060182
09896435    18.076700    -0.011465     0.000111     0.039324     0.028727     1     1     0.183448     0.038188
09899416     1.332555    -0.000135     0.000017    -0.035504     0.000510     1     1     0.093099     0.040165
09906590     1.686338    -0.000092     0.000091     0.012650     0.004802     1     1     0.131132     0.073303
09907505    39.206808    -0.230558     0.000149    -0.036987     0.019843     1     1     1.228659     0.097845
09911112     2.333650    -0.000250     0.000245    -0.067974     0.028638     1     1     0.098571     0.060569
09912977     1.887874     0.000007     0.000011     0.000516     0.000334     1     1     0.096413     0.066492
09913481     7.009485     0.000055     0.000026     0.003995     0.001367     1     1     0.142368     0.057318
09934208     9.058487    -0.089325     0.000018     0.137841     0.001223     1     1     0.069236     0.063681
09935245     0.784860     0.005509     0.000058    -0.007500     0.000753     1     1     0.131899     0.058345
09936698     5.712151     0.000307     0.000029     0.012796     0.002556     1     1     0.082036     0.063199
09944421     7.095207    -0.096805     0.000043    -0.065983     0.003750     1     1     0.050684     0.062317
09957351     0.495552     0.001852     0.000075    -0.006518     0.001951     1     1     0.084001     0.053956
09965206    16.227550    -0.024388     0.000011    -0.035187     0.001920     1     1     0.059318     0.069146
09966115     8.947426    -0.000169     0.000037     0.066994     0.002314     1     1     0.104946     0.060081
09970396   235.299398    -0.136594     0.000022     0.004287     0.004607     1     1     0.107949     0.114221
09971475     5.357408     0.000056     0.000016     0.034328     0.001538     1     1     0.118552     0.051938
10001167   120.390971    -0.126743     0.002638    -0.048032     0.002173     1     1     0.734471     0.047714
10015516    67.692052     0.017093     0.026974    -0.048006     0.001664     1     1     2.822179     0.081006
10020423     7.448378    -0.018615     0.004839    -0.026655     0.010324     1     1     0.627467     0.078984
10026136     9.080194    -0.232384     0.000028    -0.180416     0.000617     1     1     0.061548     0.072890
10026457     9.934423    -0.102788     0.000035     0.091461     0.003160     1     1     0.065783     0.062012
10030778    29.473160    -0.011703     0.000080     0.024408     0.032692     1     1     0.103851     0.058839
10031409     4.143880     0.000062     0.000011    -0.008983     0.000796     1     1     0.161362     0.049733
10031808     8.589644    -0.020014     0.000019     0.152689     0.000989     1     1     0.099871     0.049317
10063044     1.009672     0.000274     0.000075    -0.002298     0.001567     1     1     0.108458     0.077493
10074700   365.650000    -0.019712     0.000011     0.146355     0.000841     1     1     0.060148     0.049291
10090246     2.286106    -0.001291     0.000085     0.004583     0.001875     1     1     0.126155     0.072851
10091110   383.860000     0.000033     0.001428    -0.011022     0.035151     1     1     0.064567     1.345201
10095469     0.677763     0.001233     0.000005    -0.012456     0.000078     1     1     0.115543     0.062042
10095512     6.017194     0.001098     0.000027    -0.002071     0.002241     1     1     0.092850     0.114200
10129482     0.846291    -0.000900     0.000041    -0.013235     0.001694     1     1     0.118681     0.052390
10152836   220.930000    -0.550330     0.000454     0.163031     0.004915     1     1     0.078035     0.054559
10155080     3.860903    -0.000054     0.000038     0.000682     0.002956     1     1     0.086173     0.073780
10156064     4.855936     0.000195     0.000024     0.002110     0.001572     1     1     0.065701     0.064184
10191056     2.427495     0.000896     0.000016     0.000391     0.000567     1     1     0.102438     0.062158
10198109    17.918743    -0.251391     0.000089    -0.232534     0.001398     1     1     0.066062     0.077073
10206340     4.564401     0.000095     0.000012    -0.008435     0.000322     1     1     0.089776     0.077858
10208759     4.575031    -0.000251     0.000010     0.001272     0.000313     1     1     0.108287     0.058469
10215422    24.847080    -0.291837     0.000020    -0.000540     0.003766     1     1     0.115439     0.071003
10215869     5.017270     0.000503     0.000053     0.003109     0.002201     1     1     0.108528     0.065893
10216186     0.605939    -0.000397     0.000100     0.030223     0.000671     1     1     0.147165     0.084993
10253421     0.428354     0.001089     0.000029    -0.029253     0.000955     1     1     0.142844     0.055670
10258558    20.867856    -0.020751     0.000017     0.039782     0.003316     1     1     0.052534     0.038913
10259029     7.061140    -0.134387     0.000105     0.019714     0.016291     1     1     0.073330     0.032522
10264202     1.035148     0.000353     0.000028    -0.027549     0.001307     1     1     0.159214     0.049142
10274244    13.683690    -0.069875     0.000008     0.089965     0.000739     1     1     0.068797     0.055604
10275074     4.362884    -0.000079     0.000088     0.012335     0.006354     1     1     0.097301     0.059953
10275887     9.726750     0.000194     0.000020     0.015164     0.000685     1     1     0.187155     0.054804
10292238   143.119263    -0.581687     0.000251     0.202272     0.002046     1     1     0.052177     0.059297
10294608     3.708984     0.000017     0.000005    -0.010204     0.000409     1     1     0.129588     0.092562
10296163     9.296764    -0.246862     0.000415    -0.260931     0.005108     1     1     0.059265     0.056264
10332789    18.740726    -0.084139     0.000032    -0.237957     0.001311     1     1     0.047444     0.072042
10345862    58.288224    -0.310708     0.000028    -0.436231     0.000164     1     1     0.060188     0.043144
10346522     3.989142     0.002015     0.000014    -0.051667     0.000542     1     1     0.112004     0.050846
10352603    32.778987    -0.344991     0.000078     0.310654     0.000660     1     1     0.077245     0.079191
10363300     0.934926     0.000396     0.000055    -0.006724     0.001684     1     1     0.104014     0.045280
10383620     0.734563     0.000570     0.000037     0.008578     0.000471     1     1     0.141501     0.069812
10383696     8.487700    -0.065291     0.000054    -0.000425     0.007819     1     1     0.123107     0.117608
10385682     6.207461     0.000009     0.000005    -0.001486     0.000467     1     1     0.099768     0.097200
10420279    45.433250    -0.313884     0.000120    -0.384659     0.000844     1     1     0.031019     0.049930
10454401    12.180722    -0.038302     0.000009    -0.328257     0.000624     1     1     0.040510     0.054449
10454725     0.831768     0.002084     0.000104     0.027659     0.000897     1     1     0.166070     0.044829
10462826    50.467032    -0.184724     0.000122     0.059842     0.010606     1     1     0.117512     0.117856
10480952     4.074906     0.000082     0.000011    -0.002992     0.000617     1     1     0.201479     0.087665
10483644     5.110771    -0.001071     0.000236     0.011415     0.032637     1     1     0.161042     0.079880
10486425     5.274816     0.000227     0.000045     0.008868     0.003840     1     1     0.201728     0.059424
10487119     6.749360    -0.000426     0.000004    -0.038684     0.000496     1     1     0.119615     0.071456
10489521     3.224504     0.000116     0.000016    -0.001535     0.000847     1     1     0.177252     0.057945
10490960     5.682411    -0.077697     0.000009    -0.052404     0.000868     1     1     0.062036     0.075740
10491031     4.398138     0.000114     0.000011    -0.007021     0.000588     1     1     0.077304     0.078984
10518735    19.515000    -0.516909     0.000109    -0.077701     0.002699     1     1     0.062005     0.064917
10549576     9.089466    -0.003255     0.000105    -0.004218     0.003657     1     1     0.149462     0.042499
10581918     1.801863     0.000816     0.000015    -0.017374     0.000670     1     1     0.135178     0.079880
10592163    14.762947    -0.271963     0.000232     0.149327     0.005582     1     1     0.073517     0.057307
10593759     6.265210     0.001174     0.000133     0.004274     0.015509     1     1     0.126174     0.051021
10601579     8.098754    -0.017873     0.000038    -0.015902     0.003357     1     1     0.073028     0.048682
10616829     1.072934     0.002549     0.000126    -0.015272     0.002670     1     1     0.131002     0.058081
10619109     2.045183     0.000683     0.000080     0.004169     0.001986     1     1     0.164811     0.094749
10651945    25.366996    -0.480251     0.000149     0.056646     0.005425     1     1     0.062148     0.048294
10657664     3.273699    -0.000945     0.000066    -0.014404     0.000368     1     1     0.130796     0.079445
10661783     1.231363     0.000874     0.000065     0.001478     0.000482     1     1     0.144660     0.079923
10677186   100.401305    -0.258574     0.000224    -0.234903     0.003463     1     1     0.055367     0.047928
10686876     2.618427     0.000599     0.000253     0.008419     0.001827     1     1     0.149697     0.056335
10711551    10.692219    -0.051150     0.000010    -0.061287     0.002707     1     1     0.098466     0.206269
10711913    19.408016    -0.078819     0.000332    -0.161076     0.024545     1     1     0.131832     0.095142
10727668     2.305900     0.000538     0.000095    -0.011237     0.000693     1     1     0.104773     0.073125
10735564     1.674985     0.000252     0.000043     0.007151     0.002146     1     1     0.086531     0.046489
10736223     1.105094     0.000660     0.000016    -0.028770     0.000641     1     1     0.134557     0.035320
10748621   286.180000    -0.296954     0.000032     0.039773     0.002512     1     1     0.118897     0.082655
10751515    56.406491    -0.113044     0.000041     0.146747     0.001739     1     1     0.035739     0.060623
10753734    19.406692    -0.495096     0.000071    -0.154845     0.000905     1     1     0.068773     0.048733
10794242     7.143706    -0.032559     0.000007     0.065887     0.000211     1     1     0.079425     0.062726
10809677     7.042176     0.000118     0.000256    -0.019014     0.044182     1     1     0.095809     0.051579
10849244    24.261683    -0.166089     0.000011     0.031180     0.001499     1     1     0.060364     0.036291
10857342     2.415925     0.003285     0.000008    -0.012119     0.000169     1     1     0.107334     0.066752
10857589    32.532526    -0.129481     0.000023    -0.134202     0.000101     1     1     0.125150     0.075934
10858720     0.952378     0.000051     0.000006     0.002077     0.000220     1     1     0.103993     0.051961
10909274    39.238140    -0.459364     0.000236     0.554465     0.000642     1     1     0.041735     0.042448
10920314     0.505169     0.001686     0.000073     0.012490     0.000520     1     1     0.154409     0.041188
10923260     7.436017    -0.374890     0.000114     0.146570     0.001971     1     1     0.062057     0.057346
10936427    14.361023     0.001437     0.000012     0.031540     0.000466     1     1     0.187728     0.077050
10937609     2.570431     0.000257     0.000065    -0.006703     0.002663     1     1     0.106811     0.068217
10965963     6.640242    -0.036515     0.000011     0.035305     0.000852     1     1     0.064440     0.067790
10973583     6.256343    -0.005505     0.000327     0.092528     0.058567     1     1     0.096469     0.050352
10987439    10.674599    -0.031564     0.000143     0.073959     0.020879     1     1     0.077127     0.057469
10991989     0.974478    -0.000363     0.000500    -0.013197     0.015178     1     1     0.103898     0.077058
10992733    18.525918    -0.343948     0.000055    -0.167764     0.000925     1     1     0.039646     0.037253
11071207     8.049635    -0.187490     0.000034    -0.173929     0.000914     1     1     0.044743     0.073209
11073223    11.578947    -0.234994     0.000086    -0.294413     0.001125     1     1     0.067660     0.083582
11076279     1.472585     0.002482     0.000045    -0.002381     0.001471     1     1     0.153617     0.059952
11124509     8.892905    -0.000012     0.000310    -0.071370     0.058902     1     1     0.047799     0.065583
11134079     1.260566     0.000036     0.000100    -0.019201     0.003872     1     1     0.131777     0.061953
11147276     3.133058    -0.000149     0.000023    -0.004262     0.001683     1     1     0.083645     0.058113
11198723     6.840306    -0.003689     0.000031    -0.003110     0.002928     1     1     0.158548     0.058566
11200773     2.489552     0.000342     0.000653    -0.000975     0.027585     1     1     0.093937     0.186943
11228612     2.980480     0.000110     0.000016    -0.000590     0.001004     1     1     0.142074     0.059766
11230837     0.446079    -0.000941     0.000042    -0.027096     0.001486     1     1     0.080220     0.035427
11232745     9.634244    -0.000088     0.000057    -0.008861     0.011781     1     1     0.117159     0.061293
11233911     4.959900     0.000345     0.000018    -0.001374     0.001112     1     1     0.092967     0.073955
11234677     1.587425     0.001647     0.000032     0.081902     0.000891     1     1     0.169848     0.056128
11235323    19.668402     0.000108     0.000002    -0.006855     0.000047     1     1     0.141167     0.041465
11249624    65.583721    -0.820237     0.000520    -0.074203     0.008722     1     1     0.334389     0.158197
11250867     2.252822     0.000125     0.000045     0.001948     0.002080     1     1     0.122883     0.047410
11252617     4.478120     0.000395     0.000425     0.002994     0.022087     1     1     0.169772     0.190336
11287726     4.737714     0.000399     0.000042     0.010315     0.001985     1     1     0.120403     0.067054
11359305    28.487115    -0.452899     0.000647     0.185801     0.007361     1     1     0.933270     1.118353
11391181     8.617340    -0.170300     0.000019    -0.038860     0.001972     1     1     0.054402     0.079553
11391667     1.083737     0.000383     0.000243     0.016837     0.019177     1     1     0.094275     0.051147
11401845     2.161399     0.000442     0.000041    -0.000973     0.001525     1     1     0.213466     0.057392
11403216     4.053253    -0.000024     0.000056     0.010323     0.001902     1     1     0.196311     0.055108
11404644     5.902600     0.001380     0.001415     0.032071     0.017486     1     1     0.287650     0.089959
11409698    10.267827    -0.234157     0.000367    -0.018339     0.003083     1     1     0.250745     0.058005
11455484     6.142750     0.017878     0.000364     0.022494     0.002455     1     1     0.120787     0.076374
11499757    12.314398    -0.202285     0.000024    -0.156466     0.000726     1     1     0.054535     0.037406
11502172    25.431959    -0.090751     0.000044     0.008202     0.013449     1     1     0.066067     0.036052
11506235    20.413055    -0.242166     0.000365     0.052320     0.027399     1     1     0.487709     0.063145
11615481    65.432011    -0.529598     0.000006    -0.026590     0.000431     1     1     0.112228     0.057543
11616200     1.718649     0.001471     0.000137    -0.002510     0.001830     1     1     0.179515     0.040012
11616594    14.587612    -0.000168     0.000018    -0.000431     0.000736     1     1     0.062311     0.052183
11619964    10.368555    -0.065010     0.000029    -0.030816     0.004197     1     1     0.080349     0.050552
11656302    22.264809    -0.158372     0.000072     0.011895     0.003956     1     1     0.051920     0.068734
11662440    13.639457    -0.326527     0.000184    -0.075034     0.007337     1     1     0.102141     0.043106
11671429   112.463712    -0.365267     0.000111     0.250847     0.000976     1     1     0.053328     0.053729
11671660     8.710340     0.002479     0.000086    -0.019150     0.003352     1     1     0.137173     0.047125
11704044    13.765345     0.000087     0.000003    -0.024105     0.000893     1     1     0.129918     0.038363
11724210     5.746018    -0.000555     0.000336    -0.016706     0.009167     1     1     0.199495     0.202984
11768970    15.541353    -0.225924     0.001074    -0.395038     0.010139     1     1     0.091078     0.074901
11769146   282.965828    -0.083212     0.000413     0.247936     0.018997     1     1     3.371806     3.310350
11811454     2.274628     0.000252     0.000064     0.001400     0.001915     1     1     0.165695     0.062383
11817750     9.762551     0.006406     0.000035     0.000003     0.003866     1     1     0.089141     0.050448
11826400     5.889372     0.001587     0.001534     0.033128     0.042198     1     1     0.173442     0.247221
11858541     5.674353    -0.055788     0.000092     0.014415     0.009698     1     1     0.077224     0.076226
11906217    37.910216    -0.512499     0.001365     0.140811     0.018744     1     1     0.129616     0.065732
11913071     3.747835     0.000585     0.000056     0.004517     0.001574     1     1     0.178598     0.061259
11922782     3.512934     0.000095     0.000014     0.003761     0.000706     1     1     0.136145     0.055223
11923819    33.159512    -0.259473     0.000063     0.135724     0.001742     1     1     0.063457     0.065158
11959569    46.148741    -0.128162     0.000003     0.078999     0.000056     1     1     0.087756     0.060824
11966557    60.297611    -0.138028     0.000130     0.201512     0.004331     1     1     0.062334     0.085173
11967004     1.941636    -0.000125     0.000312     0.024066     0.020470     1     1     0.176906     0.139312
11968490     1.078890    -0.000360     0.000093    -0.007769     0.004658     1     1     0.074325     0.051825
11975363     3.518419     0.000059     0.000006     0.002388     0.000499     1     1     0.102202     0.064987
12004679     5.042490     0.001767     0.000004     0.000597     0.000531     1     1     0.083881     0.066227
12004834     0.262317     0.000429     0.000028     0.003621     0.000887     1     1     0.153350     0.064305
12013615     8.202869     0.005458     0.000007     0.010300     0.000500     1     1     0.118875     0.064274
12017140    22.845242    -0.079474     0.000117     0.049485     0.006665     1     1     0.078911     0.140997
12022517     3.442713     0.002830     0.000056    -0.016472     0.004666     1     1     0.184569     0.043749
12022718     9.255331     0.000927     0.000116     0.044196     0.032330     1     1     0.086056     0.087227
12023089     0.623441     0.000281     0.000141    -0.006365     0.006262     1     1     0.126911     0.071687
12071006     6.096026    -0.000099     0.000017     0.006597     0.000797     1     1     0.125346     0.053073
12105785    31.953029    -0.070169     0.000207    -0.340198     0.007628     1     1     0.061013     0.065657
12108333     0.705448     0.000143     0.000011    -0.008580     0.000264     1     1     0.150961     0.050850
12164634    89.331217    -0.307283     0.000040    -0.019576     0.003719     1     1     0.076679     0.092546
12164751     2.630088     0.007104     0.000030    -0.022053     0.000734     1     1     0.135851     0.066083
12208887    53.501801    -0.013160     0.000019    -0.381525     0.002676     1     1     0.074421     0.048687
12217907    43.204586    -0.254297     0.000018    -0.317951     0.000191     1     1     0.079889     0.050307
12251779    14.844233    -0.385100     0.000073     0.121534     0.001258     1     1     0.047107     0.055622
12257908     2.615917     0.002578     0.000015     0.053444     0.000046     1     1     0.124073     0.087630
12302391    25.321733    -0.096111     0.000109     0.311804     0.003272     1     1     0.039701     0.058951
12306808    37.878484    -0.087349     0.000009    -0.050849     0.001298     1     1     0.050034     0.055919
12316447    17.907700    -0.368418     0.000114     0.009599     0.009989     1     1     0.090560     0.083616
12356746     1.004908    -0.000154     0.000059    -0.003463     0.002433     1     1     0.124039     0.053020
12367310     8.627487     0.011192     0.000205     0.067714     0.021508     1     1     0.144165     0.048859
12418816     1.521870     0.000171     0.000006     0.000155     0.000421     1     1     0.124191     0.059909
12470530     8.207257    -0.372782     0.000041     0.066512     0.001601     1     1     0.056014     0.070205
12557713     7.214723    -0.016362     0.000077     0.006720     0.014730     1     1     0.136694     0.046721
12644769   225.885000    -0.018199     0.000006    -0.123151     0.000867     1     1     0.082166     0.046151
12645761     5.419138     0.000141     0.000105    -0.008132     0.009109     1     1     0.104456     0.061957
