39.30917
35.13419
5.417072
59.75137
30.69077
14.45971
27.07368
27.48429
80.60219
483.1432
24.65057
22.36524
43.39081
39.89816
30.67409
6.905061
53.69709
9.504133
41.07874
10.9369
48.29861
61.34125
68.37279
30.51124
26.74462
13.7165
6.043301
976.1495
27.20097
7.818419
5.589193
3.310114
271.8901
126.0384
99.51247
249.1279
403.0484
3.071718
0.9434036
54.94336
1.529382
8.441071
19.59434
59.43049
77.21293
29.6533
286.7116
11.2386
9.511912
29.04711
33.77766
151.4803
223.3557
12.33816
25.22682
26.86597
339.7084
405.6737
3.809868
221.6523
307.2994
73.36697
42.15523
36.74785
5.415392
69.4721
136.8073
17.3534
4.135966
20.19435
79.06968
8.095599
4.474533
44.90669
85.891
1.636425
75.39335
15.94149
2.828709
20.5636
41.52905
42.51133
104.3908
67.41335
13.80204
394.9841
33.90415
84.78714
36.77924
14.48424
66.01276
2.910331
92.79938
29.74337
42.40971
1.692674
1.039994
120.5902
154.7106
14.38967
147.8399
166.5054
87.53685
22.63141
638.1976
273.6167
593.4997
45.57279
87.30421
75.03385
18.33932
36.05779
3.659462
263.9074
0.2432062
8.499095
1.160031
38.16615
41.65371
361.5
148.9294
10.25777
71.29159
10.02279
16.36062
601.1667
4.960311
12.22526
87.54137
48.48371
78.56777
212.8153
77.0353
62.7624
81.26739
34.36881
42.63432
264.4551
15.24863
25.94133
35.88882
34.94669
222.5425
304.9676
19.68377
7.216153
17.61534
32.25887
14.08842
773.5914
