0.000000000000000000e+00 1.498220245358391267e+01 2.000000000000000000e+00
2.040816326530612290e-01 1.686531359428894916e+01 2.000000000000000000e+00
4.081632653061224580e-01 1.680070858861745364e+01 2.000000000000000000e+00
6.122448979591836871e-01 1.448094138704978207e+01 2.000000000000000000e+00
8.163265306122449161e-01 1.327674835052931712e+01 2.000000000000000000e+00
1.020408163265306145e+00 1.861137446484644542e+01 2.000000000000000000e+00
1.224489795918367374e+00 1.757341148912446371e+01 2.000000000000000000e+00
1.428571428571428603e+00 1.776834384708529058e+01 2.000000000000000000e+00
1.632653061224489832e+00 2.089046154549425083e+01 2.000000000000000000e+00
1.836734693877551061e+00 1.785648627788346943e+01 2.000000000000000000e+00
2.040816326530612290e+00 2.336425789075034132e+01 2.000000000000000000e+00
2.244897959183673741e+00 1.690080132684805037e+01 2.000000000000000000e+00
2.448979591836734748e+00 1.501061841218569981e+01 2.000000000000000000e+00
2.653061224489795755e+00 2.043851201803447282e+01 2.000000000000000000e+00
2.857142857142857206e+00 2.200428893094776939e+01 2.000000000000000000e+00
3.061224489795918657e+00 2.492981371840147276e+01 2.000000000000000000e+00
3.265306122448979664e+00 2.117894931173622197e+01 2.000000000000000000e+00
3.469387755102040671e+00 2.220063617131537015e+01 2.000000000000000000e+00
3.673469387755102122e+00 2.369271245161031203e+01 2.000000000000000000e+00
3.877551020408163573e+00 3.027406002716983124e+01 2.000000000000000000e+00
4.081632653061224580e+00 2.355515786541450041e+01 2.000000000000000000e+00
4.285714285714285587e+00 2.986467431460314259e+01 2.000000000000000000e+00
4.489795918367347483e+00 3.134552383248013285e+01 2.000000000000000000e+00
4.693877551020408490e+00 3.175575484732761211e+01 2.000000000000000000e+00
4.897959183673469497e+00 3.514757620594426157e+01 2.000000000000000000e+00
5.102040816326530503e+00 3.820759010591893912e+01 2.000000000000000000e+00
5.306122448979591510e+00 3.810019397471971558e+01 2.000000000000000000e+00
5.510204081632653406e+00 4.132976653173371062e+01 2.000000000000000000e+00
5.714285714285714413e+00 4.386373031826796165e+01 2.000000000000000000e+00
5.918367346938775420e+00 4.495536663867495975e+01 2.000000000000000000e+00
6.122448979591837315e+00 4.320562510650226073e+01 2.000000000000000000e+00
6.326530612244898322e+00 4.407528469872830357e+01 2.000000000000000000e+00
6.530612244897959329e+00 4.504842200136741326e+01 2.000000000000000000e+00
6.734693877551020336e+00 4.690046169327619197e+01 2.000000000000000000e+00
6.938775510204081343e+00 4.564293064446476933e+01 2.000000000000000000e+00
7.142857142857143238e+00 4.772825318949472262e+01 2.000000000000000000e+00
7.346938775510204245e+00 4.618365375212642476e+01 2.000000000000000000e+00
7.551020408163265252e+00 4.175223028506525225e+01 2.000000000000000000e+00
7.755102040816327147e+00 4.659688243857760170e+01 2.000000000000000000e+00
7.959183673469388154e+00 4.280211127615702793e+01 2.000000000000000000e+00
8.163265306122449161e+00 4.472441231497116121e+01 2.000000000000000000e+00
8.367346938775510168e+00 4.323890458550758353e+01 2.000000000000000000e+00
8.571428571428571175e+00 4.486107476463570976e+01 2.000000000000000000e+00
8.775510204081632182e+00 4.310414260042266221e+01 2.000000000000000000e+00
8.979591836734694965e+00 4.361332072824259853e+01 2.000000000000000000e+00
9.183673469387755972e+00 4.070367903389730913e+01 2.000000000000000000e+00
9.387755102040816979e+00 4.779011737897337042e+01 2.000000000000000000e+00
9.591836734693877986e+00 4.645364135337752742e+01 2.000000000000000000e+00
9.795918367346938993e+00 4.716424550729767873e+01 2.000000000000000000e+00
1.000000000000000000e+01 5.214343835345387390e+01 2.000000000000000000e+00
