-1.085631
 0.282978
-1.506295
-0.578600
-2.426679
-0.428913
-0.866740
-0.678886
-0.094709
-0.638902
-0.443982
-0.434351
 0.386186
 0.737369
-0.935834
-1.253881
-0.637752
-1.428681
-0.140069
-0.861755
-0.255619
-2.798589
-1.771533
-0.699877
-0.173636
 0.002846
 0.688223
-0.879536
 0.283627
-0.805367
-1.727669
-0.390900
 0.573806
 0.338589
-0.011830
 0.412912
-1.294085
-1.038788
-0.798063
 0.029683
-0.772709
 0.794863
 0.314272
-1.326265
 0.807237
 0.045490
-0.233092
-1.198301
 0.199524
 0.468439
-0.831155
-1.097203
-2.123100
-0.403366
-0.126030
-0.837517
-1.605963
-0.688869
 0.807308
-0.314758
-1.085902
-0.732462
-1.212523
 0.164441
-1.267352
 0.181035
-0.335011
-1.084568
-1.363472
 0.379401
-0.379176
 0.642055
-1.977888
 0.712265
-0.024626
 0.034142
 0.179549
-1.861976
 0.426147
-1.605410
-0.427680
-0.735217
 0.501249
 0.278741
-1.370948
-0.332475
-2.025046
-0.275786
-0.552108
 0.120747
 0.748216
-0.270232
 0.812341
 0.499740
 0.474347
-0.563924
-0.997321
-1.100043
-0.756437
 0.321687
 0.760949
 0.323469
-0.548955
-0.354000
-0.823431
 0.130215
 0.332765
 0.556549
-0.212080
 0.456271
-0.239669
 0.143308
 0.253816
 0.283725
-1.411889
-1.876869
-1.019655
 0.167942
 0.553856
-0.530675
-0.143176
 0.020316
-0.193964
 0.134027
 0.704474
 0.665653
-0.898423
-1.095026
 0.079227
-0.274397
-1.048992
-0.075121
-0.740814
 0.072907
 0.403086
 0.307384
-0.611225
-0.391620
 0.139978
 0.093461
-0.358936
-0.548642
-2.557055
-0.548920
-0.978058
-0.354824
 0.391584
 0.177192
-0.029968
 0.199582
-0.126118
 0.197019
-3.231055
-0.269293
-0.110851
-0.341262
-0.217946
 0.703310
-0.598105
 0.688297
-0.006307
-0.206662
-0.086522
-0.915307
-0.095203
 0.278684
 0.579542
 0.579690
-0.274878
-1.416082
-0.669103
 0.369620
-0.761294
 0.003645
-1.255669
-0.551937
-0.245203
-0.361640
-1.418726
-0.865432
-1.374688
-1.237353
 0.124056
-1.600441
 0.753869
-0.246816
 0.068788
 0.322577
-0.434167
-0.194343
 0.594070
-0.199112
 0.290874
 0.279663
 0.249970
-0.974308
 0.435876
-0.318957
 0.630488
-2.152493
-1.465116
 0.363446
 0.835059
-0.682451
-1.692052
 0.742686
-0.080583
 0.590704
 0.115299
 0.029643
-0.006130
-0.159245
-0.121449
-0.583537
-0.353754
 0.635943
 0.284603
 0.420180
-1.213385
-1.326488
-0.608711
-1.320603
-0.669619
-1.420213
-0.866495
-0.666808
-1.251190
-1.184327
-1.518108
-0.461187
-0.354909
-0.682538
-1.653698
-1.329079
 0.278034
-1.074767
 0.668317
-0.877614
-1.923716
 0.695787
 0.415695
 0.160544
 0.819761
 0.765055
-0.828989
-0.659151
 0.611124
-0.144013
-0.704342
 0.750610
 0.342638
-0.126438
 0.680072
-1.004967
 0.640219
-0.130445
-0.248656
-0.669647
-0.013604
 0.686201
-0.817668
-1.346358
-0.375750
-1.379725
 0.523218
-0.426690
-1.755402
-0.348608
-0.192615
 0.449136
-0.145364
-0.518704
-0.062399
-0.102911
-0.282628
 0.142426
 0.541231
-1.569256
-0.510343
-0.447771
-0.356663
-1.895176
 0.087730
-0.033689
 0.179752
-1.040163
-0.323860
-0.188297
-0.900009
-0.931002
-1.222737
-0.393311
-0.957582
-1.888492
-1.128331
-0.401414
 0.673491
-0.413757
 0.675963
-0.986804
 0.059291
-0.967744
 0.419568
 0.206928
-2.251535
-0.588971
 0.135078
-1.212269
 0.690777
-0.479123
 0.360051
 0.376920
-1.118696
 0.789828
-1.007509
-1.305786
-0.882829
-0.346090
 0.109403
-0.772584
 0.744819
 0.251464
-0.694798
-0.098685
-0.214983
-1.773771
-0.407513
-0.291507
 0.245379
-0.168426
 0.244027
-0.529914
-0.490972
-1.309165
-0.008660
-1.751070
-0.665857
 0.035941
 0.382870
 0.325464
-0.224313
 0.481874
-1.708992
 0.728535
-0.098760
-0.529989
-2.443076
-1.380351
-0.688549
-1.084769
-0.456426
-0.745147
 0.124359
-0.586616
 0.154290
-1.147237
 0.189043
-1.081819
 0.161456
-1.639397
 0.310123
-0.550893
-0.398624
 0.110453
 0.142990
-1.256834
 0.261989
 0.065806
 0.129386
-1.262544
-1.402989
-0.637692
-0.326518
 0.104061
 0.165957
 0.058687
-0.039329
-1.870397
-0.598732
-0.171596
 0.385066
 0.613068
 0.673649
 0.020419
-0.581850
-0.659560
 0.750945
-2.438461
-1.307178
-0.963254
-0.247621
-2.631438
 0.600175
-0.570958
-1.503458
-0.232357
-0.824992
-0.256845
-1.050219
 0.567880
 0.512983
-0.026923
 0.311582
-0.142051
 0.752034
 0.069641
-0.265446
-0.990275
-0.534447
-1.701496
-0.238565
 0.416124
-0.132801
-0.405843
-1.088509
 0.568504
 0.149934
 0.549643
 0.303788
 0.243766
-2.122299
-0.726114
-0.590325
-0.347964
-0.448392
 0.412819
 0.600883
-1.131641
 0.686804
 0.585768
 0.465770
-1.417894
 0.440582
 0.082595
 0.112644
-0.001875
 0.631948
-1.115040
-1.450683
-0.472531
-0.331128
-2.788113
-1.587206
-0.123689
-0.069623
-0.095653
-0.121741
-1.762898
-0.682765
-0.070523
 0.343258
-0.106674
 0.226262
-1.472978
 0.006029
-0.985024
 0.505686
 0.247980
 0.817188
 0.094153
-0.233504
 0.216397
-0.324487
-0.167000
 0.191482
-0.758628
-1.200043
 0.160294
-0.792092
 0.674585
 0.159749
-1.660475
 0.588686
 0.034903
 0.232650
 0.168722
 0.275342
-0.630618
-1.394375
-1.273570
-0.788166
 0.265234
-0.372272
 0.300846
-1.083678
 0.413863
 0.047342
 0.279944
 0.585318
-1.147525
 0.533511
-0.415619
-0.473355
-0.602340
-0.379730
 0.032407
 0.581590
-0.234415
-0.272176
-1.160130
-0.759835
-0.654381
-0.149291
-0.675469
-0.295829
-2.052398
 0.600571
-1.577449
-0.906590
-2.104928
 0.095920
 0.800930
-0.920093
-0.624025
-0.025060
-0.736264
-0.717486
-0.972556
-0.439672
-1.174270
 0.214586
-0.402160
 0.782440
-0.156360
 0.371525
-0.158605
-2.187086
 0.047002
-1.271747
 0.747128
-0.679828
-0.605013
-0.008903
 0.577794
-0.169744
-0.234319
-1.481958
-0.416345
 0.038166
 0.628320
-1.604436
 0.352272
 0.556953
 0.116828
-0.307774
-0.739142
 0.287214
 0.361203
 0.200660
-0.853202
-1.576233
-0.127562
-0.027458
-0.098092
-1.530513
-0.823285
 0.805982
 0.038447
-0.948499
 0.380921
-0.251037
 0.772845
-0.497160
 0.691423
-1.116565
-0.549254
-0.597855
-0.158327
-0.209974
 0.300795
-0.820376
-0.622663
 0.301290
 0.154912
 0.409355
 0.771847
-1.142952
-0.383416
 0.392078
 0.747393
 0.272735
 0.425336
-0.230904
-0.396156
-0.038321
-2.424836
-0.552253
-0.060794
-0.528041
-0.138683
-0.284247
-0.043042
-0.052801
-0.154205
-0.167877
-0.732449
-0.553404
-0.683226
-1.842032
-0.119519
-0.754202
-1.261770
-1.407269
-1.561031
-1.925587
-2.794472
-1.039104
-2.169408
-0.035605
-2.236417
-1.094273
 0.345124
 0.052806
-1.620752
-0.245598
 0.048109
-1.605181
 0.126181
-0.348258
-0.197236
-2.042096
-1.399234
-0.661551
-0.929712
-0.692583
-0.057466
-1.158416
 0.126517
-1.360008
 0.774000
-1.057056
-0.010033
-0.845644
-1.374497
-0.547066
-0.000076
-0.121167
-2.008585
-0.920647
 0.168234
-1.319892
 0.495181
-0.514240
-0.220292
 0.380219
-1.415519
-0.148405
-0.549698
-0.187904
-1.201937
-0.470786
 0.763161
-1.807621
-0.314074
 0.113756
 0.103568
-1.178937
-1.182153
-1.224529
-0.482365
-0.421079
-1.166471
-0.017391
-0.229427
-0.449668
 0.023372
 0.190210
-0.881749
 0.841940
-0.397363
-0.423028
-0.540688
 0.231017
-0.692053
 0.134970
-0.053609
-0.434005
-1.667689
 0.050222
-1.109231
-0.375558
 0.151608
-1.730989
 0.157463
 0.304515
-1.297100
-0.392309
-1.830666
 0.330563
-0.179589
-0.163436
-0.094166
 0.330817
-0.346167
-1.092635
-0.824501
 0.091428
-0.502331
-0.475648
-0.971937
-1.570529
-1.793889
-0.264986
-0.893196
 0.058538
-1.942150
 0.161710
 0.704979
 0.682035
 0.296557
 0.523343
 0.238761
-1.106386
 0.366732
-0.210056
 0.551302
 0.419589
-0.252750
-0.292004
-0.116932
-0.102391
-2.272618
-0.642610
 0.299885
-0.008257
-0.799339
-0.664779
-0.355613
-0.801572
-0.513051
-0.539390
 0.426702
-0.708322
-0.314251
 0.023052
 0.083993
 0.247284
-1.412779
 0.487009
-0.980007
-0.184599
-2.236169
-0.358020
-0.228035
 0.485475
 0.670512
-0.327764
-3.167055
-0.713989
-1.112364
-1.254184
 0.829170
-0.775770
 0.101467
-0.421684
-0.692923
-0.778272
 0.472775
 0.650155
 0.238501
-2.050218
 0.296359
 0.565397
-0.669206
 0.043251
-1.863884
-1.229969
-0.324235
-0.309751
 0.351679
-1.186925
-0.341206
-0.489780
 0.528010
-1.568440
-0.048014
-1.112529
-0.064745
 0.422919
 0.081491
-0.049012
 0.720989
-0.272654
 0.024211
 0.609791
-0.425076
-1.775243
-1.184657
 0.145979
-1.786527
-0.152394
-0.453569
-1.318044
-1.931769
-0.419641
 0.634763
-0.909327
 0.470264
-1.111430
-0.748827
 0.567595
 0.718151
-0.999381
 0.474898
-1.868500
-0.202659
-1.134248
-0.807699
-1.276077
 0.553626
 0.553874
-0.691200
 0.375582
 0.261273
-0.128452
-0.840879
 0.014305
-0.382387
-0.371780
 0.159412
-0.294396
-0.860427
 0.124227
 0.203044
-0.735397
 0.186430
 0.359687
-0.364357
-0.202753
 0.772046
 0.686346
-1.757700
 0.658618
 0.711288
-0.887191
-0.764981
-0.757164
-0.680263
-1.416750
 0.313092
-0.785719
-0.070384
-0.497569
 0.255178
-1.010617
 0.245265
 0.389781
 0.827595
-2.092102
 0.320314
-0.709163
-1.925059
 0.841631
-0.391628
 0.210916
-0.064077
 0.434198
 0.344937
 0.345770
-0.164662
-0.822000
 0.737825
-0.403760
-2.114548
-0.000311
-1.181809
 0.299635
 0.160060
-0.178013
 0.342205
 0.285650
-2.362864
 0.240937
 0.620277
-0.259342
-0.127675
 0.766999
-0.096391
-1.942132
-0.336592
-1.725890
 0.611238
 0.695880
 0.320308
-0.644925
 0.753276
 0.284470
 0.204860
 0.111627
 0.452216
-0.613327
 0.152340
 0.600054
-0.433567
 0.374919
-2.281752
-1.118299
-0.031413
-1.322473
-1.668081
 0.345901
 0.481287
-0.310228
-0.552144
 0.673255
-0.800271
-0.119486
 0.691199
-0.307879
 0.087510
-0.304086
-0.969798
-0.316700
-0.265576
-0.177899
 0.538803
-0.905300
-0.088525
 0.262959
 0.642042
-2.780837
 0.403403
 0.345847
-0.526264
-0.518353
-1.563157
 0.477452
 0.814098
-1.489582
-0.694560
 0.361815
-0.181427
 0.232869
 0.506976
-0.293096
-0.028946
-0.036307
-1.052279
 0.323595
-1.476399
 0.570631
 0.675504
-0.410510
-0.964200
-1.320814
-0.444704
 0.350009
-0.158058
-0.610933
-1.249157
 0.350716
-0.926922
 0.448429
-1.879475
-0.657466
 0.729604
-1.117767
-0.604437
-0.732844
-0.853945
 0.575848
-0.239670
 0.768736
 0.325552
-0.269918
-0.876327
-1.425211
 0.180957
-0.616971
-1.186887
 0.412670
-0.632507
 0.376689
-0.731152
-0.861225
-0.140991
 0.306540
-1.233562
-1.057077
-0.089164
 0.674286
-1.066613
-0.076140
 0.220715
-0.568686
 0.613275
-0.156446
-0.299331
-1.709661
-0.961805
-0.817309
-0.847681
-0.728753
 0.488476
-1.019562
-0.107418
 0.452265
 0.240003
-0.675334
 0.156319
-0.393231
 0.251075
-1.078897
-0.928938
-0.730111
-0.563669
-0.212650
 0.172933
-1.594436
-0.179292
 0.159615
 0.326805
 0.432890
 0.297763
 0.269001
-1.396759
-0.416758
 0.823896
 0.494234
 0.066715
 0.659441
-0.944889
-1.580060
-0.382087
 0.537923
 0.107830
 0.351451
 0.044842
-0.098091
-1.103050
-0.907361
-0.161451
-0.366811
-1.680134
-0.064258
-1.066226
 0.116802
 0.382265
-0.404897
 0.530481
-0.198627
-0.179396
-0.417889
 0.650824
 0.138501
 0.553775
-2.159442
-1.484328
-0.475639
 0.234844
-0.630475
 0.517887
-1.209628
-0.813571
-1.663728
 0.233407
-1.665280
-0.366082
 0.519611
 0.368418
 0.259159
 0.309243
-0.210923
-0.383270
 0.374674
 0.336296
-0.608175
-0.345042
-0.067502
-0.520252
 0.801544
 0.289796
-0.403713
 0.648563
-1.543444
 0.574621
 0.786903
 0.273073
-0.068100
-0.149139
 0.355040
 0.569841
-0.226613
-0.995228
 0.663479
-0.789571
-0.818275
-0.654643
 0.057709
-0.796296
-1.135688
-0.658842
-0.183332
 0.454284
 0.067267
-1.080462
 0.228662
 0.322756
-0.454963
-0.796246
-0.796630
-0.531812
-0.889072
 0.265999
-0.714103
-0.505983
-0.706136
 0.801202
 0.379108
-0.129344
 0.502935
 0.743466
-0.850715
 0.547252
-0.717632
 0.837935
 0.740198
 0.403703
-0.209926
-0.526109
-0.263629
 0.769155
-0.682331
 0.049671
-1.747629
 0.260375
-1.035528
-1.318137
 0.518715
 0.210338
-0.443377
-0.302096
-0.194144
-0.201216
 0.652305
 0.087212
 0.277449
 0.761089
 0.443330
 0.645304
-0.042653
 0.222528
-0.271035
 0.604170
-1.346039
 0.726136
 0.741762
-0.104098
 0.505229
-0.776579
 0.837102
-1.099215
 0.593731
 0.532657
 0.406728
-0.447084
 0.760166
-1.837265
 0.777222
 0.191438
 0.200049
-0.941819
 0.609407
-0.886004
-0.126386
 0.742373
 0.625430
-0.351407
-0.254300
-0.700900
-1.622954
 0.162671
-0.521306
-0.528401
-0.476602
 0.354655
-1.088650
-0.220946
 0.675416
-0.284276
-0.112095
 0.080414
-0.325792
-1.693454
-0.263153
 0.232037
 0.491957
-0.189382
 0.059943
 0.327340
-0.378966
 0.682237
-0.363149
 0.537245
 0.111926
 0.337784
-0.217393
-0.718403
-0.323134
 0.143981
 0.062360
-0.074564
-1.613731
 0.547924
-0.704720
-0.085205
-1.092689
-0.794252
 0.215802
-1.439736
-0.042007
 0.486066
-0.527092
-0.245165
-1.664305
-0.715156
-1.451829
 0.365537
-0.696990
-1.101422
-0.355414
-1.184877
 0.309017
 0.284447
-0.315713
-0.730675
-1.339441
 0.555357
 0.228721
 0.464315
-0.306435
-0.217924
-0.600585
-0.312644
 0.743892
 0.302911
-2.046622
-1.687887
-0.660831
 0.671673
 0.519523
 0.627744
-0.968945
 0.601047
-0.921284
-0.510565
 0.281626
-1.874498
-1.348889
 0.691744
-1.217937
-1.090784
 0.019961
-0.480101
-0.923415
 0.178274
-0.281215
 0.108309
 0.131489
-1.156709
 0.499457
 0.709693
-0.173474
-1.691751
 0.367705
-1.515014
-0.811270
 0.131421
-0.769662
 0.253677
-0.226210
-1.630497
 0.167972
 0.586580
-0.366568
-0.061484
-1.495109
-0.031834
-0.124842
-2.930223
 0.562861
 0.812812
-0.405248
-0.469429
-1.235419
 0.778010
 0.187258
-0.326652
-1.051970
-0.701751
 0.467550
-0.284553
-0.601809
-1.215662
-0.548418
-0.523922
 0.545988
-0.565880
 0.343164
 0.528142
-0.530172
-0.147019
-1.173525
-0.235685
 0.024317
-0.403960
-0.503585
 0.399122
-1.277511
 0.200931
-0.384232
-1.802291
-0.558824
-0.586650
-0.466574
-2.352358
-0.208052
-0.549078
-0.679778
 0.346214
 0.151037
 0.069403
-3.801378
-1.127172
-0.863223
 0.643010
-1.440760
-1.046628
-0.154384
-1.287595
 0.642854
-0.391404
-0.629719
-0.576283
 0.804438
-0.655337
 0.482915
-0.303880
-0.160798
 0.488654
 0.150477
-0.132577
-1.518326
-0.181188
-2.833657
-0.533408
 0.605970
 0.639969
-1.715901
-0.678374
-0.523860
-0.135982
-0.805562
-0.933751
-0.470269
-0.661056
 0.215370
-1.387238
 0.021456
-0.052776
-1.493402
-0.136488
-2.152115
 0.145195
 0.231228
-3.587494
-0.474597
-1.718281
 0.545339
 0.411719
-0.422115
-0.773806
-0.373745
-0.346720
-1.253438
-1.092200
-1.788935
-0.177190
-0.162307
-0.015794
-0.202347
-0.457929
-0.199328
-1.205607
-1.020668
-1.956698
-1.159745
-1.885432
-0.808899
-0.612455
-0.464899
 0.291769
-1.790780
 0.207983
-1.648796
-0.313595
-0.759871
 0.058271
 0.634409
-1.335896
-1.136418
 0.193589
 0.687286
-0.471892
-1.491479
 0.186626
-0.794644
-0.924420
 0.618717
-0.728078
-0.018712
-0.085677
 0.165096
-0.405940
-1.900063
-0.976350
-0.531997
 0.028112
-1.082294
 0.186285
-0.381271
-0.759475
-1.270276
 0.446491
 0.424243
 0.800221
 0.549288
 0.624134
 0.382079
-1.758410
-0.279119
-1.432382
-0.014014
-1.030322
-0.091869
 0.263374
-0.330902
 0.187789
-1.031913
-2.637922
-0.791662
 0.651913
-0.216687
 0.380345
-1.140534
 0.085897
 0.594040
-0.774333
-0.380291
 0.312594
-0.003155
-0.430660
-0.146416
-0.641512
-0.300232
-0.632261
-0.204317
 0.213696
-2.124575
 0.555489
-0.891590
 0.593070
 0.157959
 0.834499
-0.943384
-0.067830
-0.789256
 0.197269
-0.369175
-0.195108
 0.406071
-0.269519
-0.003409
-0.504583
-1.825028
 0.193094
 0.439470
-0.131865
-1.394709
-0.754008
 0.540392
-0.084530
 0.279291
-0.353080
-0.931596
 0.304062
 0.013560
-0.859688
-1.457100
-0.038378
-0.597791
-0.976578
 0.399896
-0.874146
-0.811098
-0.387523
-0.512506
 0.527780
 0.378737
-0.635650
-1.657509
-1.333999
-0.994810
 0.111135
-1.763158
 0.397060
-1.328067
 0.549697
 0.272462
-0.131240
 0.272825
 0.181974
 0.572843
-0.839113
 0.192449
 0.810326
 0.495729
-1.131957
-1.553578
 0.408626
-1.011644
-0.287784
-0.062323
-0.116000
 0.196570
-0.632867
 0.007714
-0.623629
 0.239810
-0.868240
 0.697490
 0.139033
 0.025577
-0.196443
 0.145717
-0.856650
-1.176848
 0.287621
-0.638062
 0.475934
-0.386696
 0.773754
 0.207415
-2.233905
-0.227050
-2.503161
 0.418004
-0.173592
 0.196780
-1.164012
-0.973437
-0.137377
-0.347959
 0.626983
-1.542537
-0.472381
 0.669214
-0.141834
-0.023228
 0.168229
 0.088383
-0.775520
 0.725925
-1.069947
 0.775845
-0.960602
-0.722076
-2.840847
-0.156083
 0.189189
 0.827073
-1.490213
-0.464034
-0.072060
-0.105268
-0.449515
-0.889911
 0.279217
 0.811145
-1.259772
-0.019459
-0.629012
 0.493580
-1.548765
 0.162665
-0.725173
 0.489203
 0.822218
-0.991605
 0.309863
 0.342423
-0.164875
 0.015572
-0.653509
 0.668087
-0.215410
 0.185979
-0.469550
 0.047240
-1.080413
 0.160889
-0.602575
 0.699329
-1.119923
-0.359297
-1.609695
 0.013570
-1.774224
-1.201377
-1.520367
-0.447440
 0.463487
 0.392493
-1.627167
 0.260010
-0.607853
-0.200180
 0.359287
-0.109121
 0.666444
-0.768069
 0.668253
-0.536122
 0.577150
 0.807497
 0.590045
 0.753478
 0.423944
-0.545255
 0.207111
 0.461605
-1.096354
-0.877618
-0.409242
-0.204814
 0.157273
-0.977095
 0.794956
-1.857564
 0.528702
 0.506533
 0.644099
-3.066988
-1.349275
-0.352696
 0.168282
-0.081391
-0.813747
 0.324029
-0.394755
-0.987572
 0.068213
 0.035180
-0.032047
 0.066282
 0.120616
-0.233187
-0.972855
 0.637493
 0.497556
-0.231292
-0.945837
-0.329996
-1.152943
-0.017032
 0.786057
-0.095412
-0.181862
 0.164480
 0.748542
 0.178877
-0.268851
-0.715937
-0.774349
 0.269473
-0.998878
-1.814033
 0.115240
 0.661811
-0.017888
 0.403002
-1.647116
-0.689640
-0.711573
-0.717891
-0.823192
-0.588560
-0.049089
-0.341700
 0.504139
 0.532155
-0.113904
-1.346300
 0.777963
-1.222947
-0.187133
 0.811225
 0.838713
 0.698921
 0.145859
 0.302155
 0.092070
 0.482577
 0.535236
 0.133328
 0.513814
-0.684821
-0.306957
 0.230499
 0.528991
-0.134736
-0.220224
 0.744166
-0.097261
 0.637381
 0.511604
-1.246078
 0.472785
 0.465624
 0.796668
-0.837083
-0.166797
-0.608060
-1.369219
 0.697242
-0.819969
 0.529862
-1.453609
 0.782064
 0.137251
 0.412112
-0.129922
 0.758022
-0.598389
-0.573805
-0.218148
-0.620381
 0.567861
-1.323436
 0.829547
-0.761529
 0.377705
-1.187433
 0.477732
 0.009771
-0.139907
 0.411368
-0.925467
 0.438431
-0.568139
-0.720391
-1.270221
-0.114768
 0.712790
 0.234071
-1.847327
 0.603909
-1.378999
-0.443252
-0.244243
-2.920029
-0.105901
 0.665877
-0.170084
 0.184930
 0.059386
-0.636371
 0.519677
-1.576624
 0.398328
-0.111410
 0.060793
 0.370481
 0.280004
-1.072627
-0.383345
 0.006061
-1.429176
 0.802569
 0.303544
-0.527713
-2.301924
-1.520908
 0.339229
-0.220084
-1.487241
-0.871025
-0.572229
-1.932547
-0.310566
-1.681782
-0.559640
-2.024304
-0.819149
-0.148044
 0.455709
-1.183448
 0.093981
-0.333933
-0.012870
-0.199495
 0.313372
 0.181113
 0.116592
 0.519226
 0.720250
-0.672786
-2.872059
-0.548445
-1.460418
 0.606698
-1.475856
-0.783815
 0.400504
-0.215535
 0.731249
 0.552537
-0.314334
 0.005498
-1.025900
 0.048171
-0.091856
-0.993540
 0.827838
-0.140428
 0.395589
-0.780909
-0.164671
 0.774326
-0.246828
-0.365342
 0.316195
 0.733307
 0.746238
 0.096964
 0.527625
-0.973012
 0.190215
 0.006356
-1.239623
-0.255037
 0.609767
-1.440674
 0.631455
-0.175251
 0.011908
-1.417812
 0.679064
-0.612525
-0.047011
 0.804181
-0.085669
-0.898803
 0.240486
 0.413323
-1.018973
 0.087409
-0.194882
 0.225814
 0.453648
 0.288174
 0.547069
-1.584264
-0.261197
 0.038172
-1.555560
 0.076680
-2.355806
 0.705538
-1.478285
-1.251185
 0.524344
-1.667573
 0.116603
-0.097093
-0.079709
 0.240631
-0.155900
-0.501817
 0.371188
 0.525028
-1.273138
-0.881173
-0.659415
-0.029588
 0.345661
 0.275040
-0.174344
-0.714881
-0.011902
 0.341755
-0.000679
 0.550577
 0.478700
 0.373843
 0.003833
 0.093429
 0.382320
-1.924196
-0.034073
-0.480315
-2.090119
-1.385035
 0.075198
-0.720760
 0.133925
-0.018462
-0.469154
-0.914998
 0.195487
 0.068932
-0.123889
 0.201334
-0.596032
-0.358594
-0.061931
 0.123191
-0.468945
-1.019407
-0.542882
 0.420126
 0.832786
-0.408115
-0.914177
 0.382361
 0.623593
-0.637717
 0.328862
-1.631700
-0.105697
 0.718515
 0.302163
-0.241750
-1.405961
 0.228371
 0.631759
 0.243212
-0.955471
 0.553504
-0.262399
-0.802446
-0.329677
-0.013179
-0.523482
 0.706333
 0.430730
-0.334325
-0.019825
-1.539066
 0.321254
-1.393807
-0.277332
-0.461344
 0.466579
-0.444142
-0.046958
-1.569432
 0.113102
-0.627750
 0.020922
-1.361329
-1.608779
 0.722109
-0.327144
-1.312685
-0.473379
 0.604434
 0.551232
-0.503997
-0.627437
 0.330881
-0.374559
-0.333470
-1.719674
-1.497480
 0.085801
-0.453343
-0.908770
-0.928122
 0.681756
 0.460309
-0.188445
-0.026584
-0.871281
-0.132567
-0.907592
 0.521138
-0.461447
-1.527569
-1.373947
-0.464828
-0.787211
-0.448502
-0.093589
 0.086185
-0.653991
 0.026886
-0.619832
-1.577828
 0.588206
 0.374366
-0.832409
 0.146017
-1.861760
-0.630065
-0.017004
 0.194513
-0.509395
 0.020851
-1.152002
-1.886397
-1.375441
-1.689791
-0.635882
-1.488141
 0.681797
 0.131427
-0.301817
-0.604602
 0.244982
-0.310795
-0.399320
-0.207540
 0.212841
 0.068952
-0.268148
-0.675812
 0.531149
-0.323103
-0.068496
-0.643239
-0.295387
-0.700591
 0.402852
-0.824768
 0.536558
-1.555041
-2.372121
-0.988196
 0.743297
-0.711160
 0.577481
-0.251078
-2.269502
 0.834533
 0.799303
-0.099433
 0.055526
-0.141217
-0.078101
-2.674490
 0.698157
 0.565834
-1.421479
-0.994692
-0.938426
 0.502394
 0.638129
 0.353530
-1.111479
-0.943911
 0.680738
 0.086212
-1.858098
 0.786027
 0.006392
-0.315965
-0.195732
-0.613822
-1.538504
-0.491199
 0.119365
-0.005874
 0.102301
-1.263905
 0.144292
 0.175510
 0.012904
 0.257450
-0.692901
 0.155072
-1.603279
-0.920631
-0.243855
 0.602538
-0.297331
 0.440198
-0.293144
-0.643731
 0.038589
 0.198426
 0.546123
 0.812554
-0.282393
 0.726935
 0.081966
-0.278813
 0.140256
 0.270256
-0.004104
-1.036604
-1.695622
 0.640275
 0.092466
 0.086598
 0.179366
-0.536038
-0.703798
 0.438396
 0.603808
-0.480999
 0.424649
 0.176464
-0.563352
-1.222509
-0.830609
 0.253618
-0.609123
 0.076566
 0.610848
-0.540147
-0.765015
-1.776402
 0.587922
 0.669389
 0.561921
-2.027592
 0.109608
 0.449968
 0.070733
-2.351329
-0.124806
-0.257286
-0.103931
-0.520182
-0.520768
 0.722847
 0.672506
-0.213973
-0.398883
-2.301965
-2.041649
-0.835450
-0.143879
-0.790962
-1.514136
-0.036831
-0.021804
-0.358717
-0.234663
-0.717084
 0.644729
-0.828353
-1.969990
-1.288826
-0.919231
-1.361811
-0.118698
-1.016888
-1.605007
 0.637584
-1.541055
-2.553303
 0.040340
 0.686476
 0.671384
-0.990305
-0.454106
-0.439064
 0.054173
-0.207297
-0.082255
 0.142692
 0.274032
 0.829416
 0.667906
 0.356445
-0.266376
 0.804753
-1.750640
 0.667532
 0.100458
-0.012610
 0.219907
 0.813623
 0.462950
-1.491541
-0.521198
-0.586914
 0.600053
 0.105973
-1.218066
-0.868201
-0.740078
 0.268373
 0.055178
-0.917343
 0.520668
-0.043204
-0.006797
-0.520166
-0.356237
 0.466237
-0.942288
-1.083363
-0.848326
 0.320631
 0.296882
-1.651393
 0.319029
-1.573338
 0.825678
-0.315250
 0.242297
-0.213410
-0.080200
-1.113843
-0.168798
-0.063071
 0.206655
 0.544648
 0.480338
 0.269634
-0.652311
-1.299503
-1.002416
-0.817511
-0.796511
-1.160010
-1.622549
-0.623701
 0.415711
-1.087642
 0.366679
-0.796528
 0.712116
-1.109329
 0.691810
-0.531305
-0.882287
-0.165759
-1.362288
-1.513273
-2.045520
 0.094259
-1.699241
-0.136843
 0.233501
-0.504903
-0.521326
 0.792809
-2.030271
-1.880218
-1.469470
-0.592608
-1.298881
-0.764578
-0.822786
-1.120508
-0.070848
 0.110649
-0.927639
 0.148377
-1.000259
-1.602394
-0.767028
 0.096991
 0.602853
 0.017096
-0.918714
 0.519477
 0.094832
-0.296318
 0.121297
-0.895331
-0.859775
-0.576561
 0.492086
-0.520203
 0.473474
-0.268547
-0.734922
-0.644353
-1.306612
-0.149642
-0.379605
-0.733595
 0.677214
 0.023018
 0.641660
-2.002199
-0.404723
 0.037465
-0.589540
 0.185775
 0.112675
 0.411342
 0.202738
-1.198044
-1.488051
-1.620181
 0.281074
-2.039363
 0.642865
-0.202136
 0.451925
-1.326731
-0.059070
-1.893365
-1.273286
-1.221940
-1.197674
-0.310333
 0.587234
 0.558141
-0.663395
-0.456675
-1.363639
-1.096841
-0.503104
 0.451737
 0.032024
-1.050235
-0.824199
-1.875172
-0.202970
 0.079145
-0.304001
-1.324555
 0.046499
-1.003817
 0.380721
-0.896718
 0.812571
 0.637361
 0.332712
 0.258237
 0.285744
 0.333279
 0.531807
-0.354766
-1.120815
-0.043793
 0.513008
 0.511598
-0.499304
-1.410784
-0.544829
-0.422594
-0.804957
-1.039206
-0.136372
-0.069111
-1.038272
-1.144436
 0.369963
 0.471587
-0.818662
-0.172005
 0.496623
 0.130762
-1.342197
-1.556769
 0.722829
 0.350118
-0.548044
-0.644978
 0.511878
-0.179442
-0.775031
-0.423890
-0.386247
 0.155429
-0.253595
-1.004260
 0.676501
 0.206144
-0.078275
 0.099908
-0.121434
-1.196614
 0.654492
 0.105538
-0.253520
 0.084646
-0.621394
 0.281031
 0.374488
-1.202909
-0.328852
-1.258306
-0.285697
-0.026705
-0.162984
-2.113705
 0.421073
-1.608647
 0.830076
-1.302098
 0.231078
 0.608389
-0.717006
-1.808980
-0.980992
 0.320834
 0.456775
-0.860593
-0.019038
-1.640373
 0.269268
-0.772754
 0.822155
 0.224953
 0.150490
-0.288854
-0.908910
 0.336286
 0.041948
-1.033438
-0.075335
-0.946199
-1.633788
-0.450599
 0.609590
 0.133491
-1.159187
-0.209635
-0.146671
-0.168129
-0.441769
-2.422844
 0.277812
-0.391055
-0.626539
-0.495612
 0.153131
-0.980318
-0.070380
-0.201751
-0.823774
 0.281296
 0.616179
 0.071114
-0.438782
 0.046787
-1.717543
-0.060178
-0.193300
 0.477353
 0.745329
-0.131937
-0.517409
-0.627393
-0.781706
-0.615065
-0.123127
-1.220252
 0.443229
-0.108507
-0.834886
-0.640130
 0.838910
 0.567123
-0.675605
-0.721146
 0.389152
 0.805637
-0.874226
 0.100980
-1.161593
 0.379875
-1.013398
-0.778016
 0.609134
 0.151129
 0.049085
-1.804273
-0.091103
-0.979551
-0.585000
 0.488721
 0.516636
 0.385393
-0.350834
-1.001035
 0.442975
-0.444448
-0.635497
-0.507267
-1.210919
 0.648398
-0.854836
-0.603773
-0.887570
-0.556833
-2.466667
 0.525893
-0.806399
 0.827986
-1.018751
-0.610749
-0.569931
 0.153618
-0.143221
 0.027361
 0.467956
 0.221304
-0.788259
-0.591859
 0.193701
-1.243786
 0.315378
-1.120003
 0.363630
-0.376926
 0.319489
 0.457127
-1.663574
-0.228079
 0.089649
-1.252325
-0.735348
 0.124635
 0.686243
-0.146704
-0.698786
-1.004171
-0.357271
-0.799023
 0.595316
 0.252999
-0.650256
 0.228025
 0.752367
 0.254654
 0.717126
-1.521351
-0.426119
-0.617095
-0.645684
 0.510283
 0.298932
-2.010039
-0.484385
-0.440621
-0.348794
 0.090204
 0.650534
 0.225408
 0.728528
-0.440244
-0.644878
-0.886201
 0.084408
-0.954141
-1.069951
 0.651409
-0.930412
 0.567429
-0.322156
-0.578685
 0.214198
-1.681554
-0.803853
-0.230860
 0.358551
-0.693637
-0.042642
-0.426743
-0.227689
-1.856662
-0.214713
 0.392828
-1.131654
-0.168250
 0.302877
 0.359185
 0.823009
-0.330570
 0.087568
-1.419321
-0.052504
-1.451073
 0.010874
 0.823422
 0.413223
 0.091216
 0.807013
-0.828614
-0.756422
-0.445526
 0.725751
 0.177594
-0.023156
 0.172731
 0.068017
 0.745472
 0.720071
 0.704485
 0.719541
 0.168934
-0.162244
-0.012469
 0.024400
-0.449224
-0.413633
-0.063496
-0.324260
-0.193616
-0.166727
 0.792343
-0.720469
 0.028871
 0.301338
 0.442236
 0.512723
-0.548931
 0.230783
-1.216915
 0.417018
-1.592376
 0.360498
 0.621866
-1.063799
-0.774853
 0.617026
-0.112373
-2.178310
 0.185618
-1.429546
 0.234405
-0.146548
-0.161559
-0.641697
 0.647018
 0.251357
 0.811843
-0.725752
 0.728908
-1.178006
 0.496469
-0.791880
 0.038395
-1.558653
 0.097935
-0.019777
-1.528463
 0.622348
-1.089667
-1.007513
-0.249002
-0.567601
-0.092904
-2.167808
-0.717419
-0.168023
 0.083496
 0.150714
-0.125450
 0.361546
 0.075772
 0.362102
-0.793665
-0.416594
 0.554366
 0.020993
 0.484646
 0.670971
 0.493949
-0.232271
-0.865227
-0.692675
 0.000117
-0.792983
-0.272463
 0.118493
-1.786509
-1.068976
 0.452096
 0.825522
 0.255808
-1.952839
-1.018548
-2.226198
 0.641722
-1.567375
 0.186730
-1.370512
-0.866686
-2.020016
-0.125563
 0.217518
 0.822049
-0.204183
-0.847785
-0.690116
-0.131628
 0.301390
-0.007945
-1.077845
-0.753750
-0.497455
-0.120341
 0.022186
-0.676415
-1.386703
 0.612337
-0.135176
 0.544330
 0.063000
 0.701429
-0.727354
 0.502550
-0.293611
 0.600355
-1.555623
-0.356424
 0.585092
-0.282480
-0.653665
 0.442740
-0.464427
 0.080966
-1.541108
-0.459044
 0.291488
-0.088917
-0.033398
 0.328929
-0.232410
-0.011311
 0.086152
-0.466557
-0.774631
-1.151053
 0.605590
-0.199009
-0.329098
 0.335357
 0.486452
-1.027182
-0.024974
-0.432104
-0.731009
-2.081170
-1.156795
-0.098483
-1.216306
-0.348617
-0.631234
-1.364479
-1.781989
-0.347457
-0.286948
-0.757025
 0.507246
 0.280193
-1.610109
-0.924292
 0.548395
-0.882947
-1.826516
-0.626840
 0.472711
 0.022131
-0.469865
 0.077471
-0.418055
 0.234339
-1.619283
-1.211030
 0.002872
 0.728497
-1.118084
-1.189694
-0.101836
 0.169691
-0.695636
 0.511043
-0.214256
-0.756769
 0.255036
-0.643044
-1.450739
-1.967708
-1.657566
 0.829353
 0.263447
-0.567434
-0.394368
-0.112442
 0.015557
 0.612418
 0.690521
-0.467554
-0.045868
-0.299599
-1.328888
-0.329235
 0.332739
 0.114594
 0.198687
-0.990603
-0.515554
-0.816409
-0.600795
-0.088380
 0.762356
-0.913008
 0.420436
-0.068283
-0.351224
-0.667923
-0.735679
-0.531830
 0.829801
-2.274712
 0.303720
-0.171264
 0.184752
-0.927115
-0.794839
 0.448879
 0.197899
-0.889163
-0.058086
-0.681472
 0.583875
-0.907667
 0.443053
 0.420881
-0.200657
-0.376740
-0.345124
-1.463843
-1.975299
-0.862127
-0.603636
 0.746488
-1.101196
-0.523604
 0.795768
 0.478203
-0.100227
 0.610282
-0.129017
-0.183087
-0.898318
 0.193052
 0.383643
-0.865623
 0.017868
 0.647999
 0.218142
-1.816287
 0.017016
-0.387555
-0.413653
-1.369110
-0.827085
-0.223305
-1.625322
 0.363068
 0.475129
-0.160485
 0.440855
 0.110178
-0.686723
-0.522894
 0.278174
 0.236284
-0.548954
 0.130563
-0.806864
-1.749824
-1.224522
 0.407593
-0.880728
-2.030959
-0.840856
-0.147736
 0.592183
-2.532555
-0.050867
-0.867728
-0.576960
 0.200872
-0.992314
-0.914623
-0.116200
 0.176972
 0.574861
 0.016209
 0.002687
 0.249387
-0.873989
-2.097559
-0.901733
-0.486628
-0.818430
-1.138029
-0.831040
-0.367419
 0.575273
 0.439351
-0.728152
-0.888530
-0.067106
-0.692841
-0.130902
-0.861650
 0.415804
-1.413128
-0.213519
 0.291431
 0.292820
-0.229361
 0.144146
-0.093067
-0.575412
 0.165390
 0.051240
-1.151564
 0.343913
-0.988403
-0.209094
-1.520768
-0.559737
 0.047011
 0.092654
 0.171809
-0.889852
 0.413033
 0.296552
-0.481843
 0.689847
 0.750367
-1.709468
-0.060825
-0.831334
-0.216024
 0.655169
-0.408910
-0.257270
 0.504779
-1.009337
-0.137171
-0.985285
-0.508034
 0.575225
 0.165885
 0.263574
 0.409072
-0.027585
 0.771282
 0.169705
-0.098231
-0.078676
-0.103106
-2.022290
-1.800889
-0.121153
 0.753489
-0.042806
-0.843799
-0.959728
 0.752814
-1.022031
 0.835412
 0.696452
-0.251132
-0.114295
-0.045759
-1.561866
-0.767819
 0.387223
-1.212918
-0.930652
-0.851313
 0.136584
-0.424254
-0.102721
 0.680642
-0.195417
-1.153509
-1.432601
-0.018545
 0.744838
-1.108642
-1.440573
-0.607423
-0.801551
 0.608795
-0.247615
-0.121898
 0.341716
 0.174732
-1.626682
-0.468943
 0.724457
-0.686607
-0.321933
-0.290344
-2.551774
 0.101599
-0.611025
 0.585753
 0.259586
-0.794770
 0.467175
-0.485480
-0.687439
-1.461392
 0.438769
-0.151452
-0.515454
-1.565754
-0.282413
 0.340486
 0.305451
-1.372905
 0.687462
-0.254927
-0.202538
-1.940731
 0.102900
-0.215831
-0.694636
-0.058426
 0.638357
-0.082042
 0.471528
-1.094016
-1.832324
-0.779519
-0.359472
-1.038645
-0.072524
-0.268754
-1.885550
 0.738930
-0.226684
-1.154109
-1.519595
-0.491671
-2.131140
-1.457351
 0.079862
-0.739779
-0.246920
-0.044476
-0.033889
-0.039224
-0.178085
-0.358365
 0.207169
 0.558892
-0.082706
 0.444621
 0.237581
-2.643425
-0.448991
-0.358907
 0.133194
-0.644242
-1.628971
-0.924831
-0.814335
-0.411559
-0.788213
-0.072043
-0.578496
 0.797490
-0.263687
 0.192494
-0.428857
-0.259659
-0.091283
 0.250198
 0.783551
-0.952354
-1.321655
-0.371739
 0.615975
 0.433867
 0.174849
-0.849506
-1.619496
 0.781319
-0.658759
 0.353186
-0.456304
 0.530260
 0.130257
-0.081434
 0.042533
 0.689505
 0.112460
-0.233356
 0.358255
-2.584744
-1.320878
-1.242955
-0.337289
-0.349021
 0.456515
 0.672100
-0.317292
-0.392066
-0.472670
-0.893322
 0.200704
-1.218853
 0.267059
 0.819483
-2.266939
-0.133168
-0.597684
 0.463277
 0.842539
 0.431578
 0.136707
-0.167816
 0.029244
-0.507937
-1.181349
 0.274008
 0.080433
-0.702152
-1.353820
 0.000977
 0.677156
-0.378524
 0.571923
-0.217233
 0.054318
 0.155998
 0.467810
-0.005600
-0.286385
-0.166562
 0.005906
-0.927794
-1.934866
-1.515706
 0.227809
 0.280911
-0.160339
-0.577317
 0.287742
-1.191776
 0.329843
 0.526070
 0.390473
-0.271637
 0.694012
-0.690783
-0.387208
 0.827540
-0.175324
 0.165562
-1.290655
-1.396407
 0.144805
-0.932647
-0.181618
-0.342556
 0.511839
-0.116971
 0.443515
 0.200005
-0.097884
-0.504849
-0.467775
-0.100159
 0.795972
-1.472236
-0.543715
-0.540789
-0.166472
 0.643195
 0.233658
-0.579781
 0.182477
-0.440860
-0.341717
 0.606928
-1.146996
 0.391145
 0.723282
-1.204384
-0.405410
-0.438092
-0.499897
 0.587647
-0.926542
-0.459550
 0.125822
-1.119947
-0.521887
-2.013430
-0.028708
-0.103142
-1.761313
-0.185167
 0.504077
-0.907952
-1.818045
-0.122733
-0.320510
-0.471276
-0.379223
-0.362274
-0.681071
 0.115208
-0.017575
 0.162635
 0.102862
-1.557481
 0.648847
-1.392276
-0.300657
 0.595390
-0.479743
-0.555070
 0.150469
-0.920518
 0.733302
 0.636084
 0.623928
 0.710681
 0.175949
-0.463147
-0.689807
 0.716917
 0.442476
-0.931511
 0.112666
 0.772750
-0.860429
 0.282622
 0.479894
 0.057411
-0.556592
-1.071533
-0.634260
 0.772130
 0.332998
 0.151870
-0.800036
 0.578462
 0.700358
-1.383741
 0.105243
-0.088662
-0.156839
-0.198887
 0.164767
-0.739111
-1.589669
 0.408374
 0.460324
 0.295216
-0.768501
-1.968149
-0.553914
 0.713512
-0.457618
 0.107850
-0.342394
-2.002654
 0.628277
-1.069136
-1.149694
-0.486014
-0.285668
 0.351715
-0.511004
-1.539838
-0.326044
 0.485552
 0.628960
-0.693199
 0.595250
 0.492482
-0.059391
-0.330438
-1.720798
-0.440187
 0.513301
 0.220310
-0.569023
-1.318504
-0.182183
-1.026760
-0.199927
-1.387913
-0.354352
-0.631903
-1.169610
-1.685736
 0.784374
 0.773250
-0.142166
-0.858656
-0.209558
-0.394899
-1.200888
 0.013218
 0.353126
-0.057121
-0.979312
-1.437052
-2.143152
-0.062513
-0.423204
-0.354493
 0.725129
 0.539252
 0.664197
-1.268312
-0.853481
 0.309592
-0.021633
-1.458524
-1.069271
-0.316696
-0.684154
-0.717664
-0.235848
-0.639505
-0.516084
 0.092505
-0.990778
 0.718174
-0.457831
 0.009846
 0.801017
 0.770958
-0.565791
-0.029671
-0.763308
 0.083876
 0.543609
 0.235062
-1.497362
-0.789818
-1.177978
 0.312211
-0.392559
 0.269753
-2.072003
 0.098786
-1.020717
 0.713349
 0.771548
 0.555724
 0.810267
-0.517313
-1.445274
 0.714492
 0.321855
-2.276877
-1.714426
-1.294080
-0.078916
-1.399617
 0.655082
-0.509884
 0.426707
-0.130472
 0.421849
-0.933232
 0.246567
-1.465329
 0.809485
 0.496670
-0.155577
-2.059902
-0.426644
-0.071371
-1.155705
-0.987524
-0.707756
 0.688990
 0.502397
-0.440587
-0.143724
-1.123781
 0.779822
-0.107071
 0.489646
 0.025049
 0.530699
 0.070454
 0.271576
 0.775493
 0.117148
-0.691245
-1.723166
-0.439301
 0.589091
-0.439053
-0.277807
 0.519153
 0.528129
 0.033219
-1.055793
 0.762736
 0.181916
 0.804785
-3.243878
 0.063452
-0.422841
-1.960212
 0.544842
-0.984013
-0.141769
 0.666577
-0.578638
 0.822430
-1.574052
 0.618025
-1.647693
-0.114592
 0.259571
-1.092170
-0.330952
-0.315632
-0.602554
-1.128353
-0.830230
 0.608916
 0.329225
-0.180305
-0.380968
-0.074655
-0.088498
 0.682206
-0.839961
 0.179395
 0.811401
-0.276248
 0.822727
-1.377096
 0.339059
-0.044317
-0.713251
-0.265107
 0.740599
-1.298517
-0.097730
-1.122362
-1.210452
 0.089875
-0.500854
 0.334222
 0.694076
-1.250714
-0.531211
-0.276429
-2.169283
-0.257651
-1.275093
-0.221966
-0.046501
-1.876443
-1.113551
 0.394623
 0.350790
-0.656425
-0.919708
-1.274980
-1.360621
-0.776403
-0.127826
 0.610524
-0.137102
 0.633225
-0.336222
 0.615293
 0.146766
-0.689459
-1.044602
-0.194462
-1.011525
-1.432949
-0.929183
-0.484847
 0.130542
 0.665636
 0.171602
 0.032169
 0.212551
-0.891887
-0.590001
-1.452936
-0.484779
 0.497554
 0.604871
-0.412945
-0.868501
-0.176662
 0.448432
 0.787488
 0.378079
 0.329141
-1.257180
 0.452673
-0.645067
-0.490879
 0.408642
-0.070387
-0.187874
-0.713926
 0.055912
-2.321681
-0.123208
-0.644022
-0.167666
-1.510750
-0.414723
 0.190919
-1.118390
-0.455285
 0.130549
-2.285845
 0.259258
 0.256923
 0.780788
 0.561676
-0.816026
-1.941486
-1.696014
-1.077163
-1.066637
 0.233670
-0.637027
-0.552488
-0.585025
-0.692400
-0.742151
 0.704368
 0.019728
 0.641341
-0.921731
-0.349379
 0.137114
-1.052152
-1.653837
-0.919794
 0.739998
-0.707825
-0.700148
 0.485738
-1.008667
 0.285028
 0.446063
-0.710525
 0.284479
 0.482548
-1.267514
-0.958548
-0.807775
 0.211885
-0.526813
 0.193383
-0.488526
-0.179744
-1.012972
 0.771442
 0.463464
-0.025631
 0.444718
-1.071912
-1.152220
 0.584162
-1.186788
-0.785031
 0.547542
-1.238972
-0.018725
 0.417813
-0.428884
-0.631146
-0.269717
 0.811845
-2.281516
 0.642983
 0.450870
-0.221327
-1.472613
-0.680717
-0.333205
 0.719991
-1.159531
 0.609591
-1.919582
-0.426635
-0.016102
 0.747010
-0.257842
 0.561622
 0.295353
 0.487538
 0.662659
-0.282520
-0.159483
-2.262417
 0.657798
 0.022093
 0.482016
-0.796564
-0.462672
 0.056737
-0.174749
-0.054581
-0.492838
-0.130580
 0.683772
 0.537658
-1.263990
 0.213640
-0.729019
 0.373577
 0.821149
-0.658319
 0.092973
 0.383888
 0.455373
-0.855652
 0.529262
 0.319255
-0.955990
 0.361387
-0.446072
-0.897712
-0.400103
-0.950528
-0.718289
-1.295601
 0.780503
 0.467008
-0.145040
 0.316659
 0.064949
-1.102826
-0.437468
 0.423671
-1.556207
 0.632705
 0.708390
-1.459793
 0.264807
-1.631478
-0.245289
-2.787053
-1.840890
 0.332406
-0.115811
 0.683400
-1.014051
 0.632233
 0.181706
 0.403427
 0.495279
-0.440096
-1.277565
-0.403338
 0.133967
-1.106314
-0.121420
 0.334855
 0.350821
 0.643848
 0.607784
-0.846686
 0.247755
 0.558893
-0.948654
-0.107814
-1.389024
-2.639568
-0.199810
-0.322697
-1.428047
 0.595241
 0.188076
-0.425196
 0.605338
-0.988048
 0.449277
 0.142752
-0.492433
 0.135511
 0.702908
-0.203877
 0.349397
 0.554364
 0.579087
-0.550325
-0.239256
-0.195012
-0.375074
 0.769090
-1.778783
-0.612125
-0.307719
-0.982943
 0.521075
 0.118644
-0.658611
 0.712729
-0.498133
 0.041294
-1.184428
-2.960322
 0.652131
 0.414322
-0.879433
-1.485728
-0.745760
-0.516065
 0.460003
 0.277850
-0.410960
-1.743586
-1.232601
-0.444551
-1.655288
 0.774459
-1.043834
-0.935581
 0.795706
-0.538162
-1.545995
-1.158970
-0.403709
 0.667469
-1.490828
 0.034512
-1.325917
-0.529553
-0.483168
-0.956675
 0.812259
-0.111838
-0.089870
 0.274095
-0.073644
-0.069761
-0.783683
-0.454652
 0.024701
-2.050110
 0.639761
-1.043793
 0.598484
 0.051629
-0.619840
 0.524523
 0.666087
 0.448143
 0.494382
-0.093436
-0.845004
 0.395839
-1.342092
-0.102396
 0.254377
 0.173947
 0.683380
-0.796674
-0.813785
-1.269892
-0.832835
-0.686983
-0.851620
-1.375841
 0.323737
-0.278324
 0.149261
-0.397110
-1.978000
-0.596668
-1.521016
 0.700605
-0.634758
 0.266654
-1.241850
 0.029477
-0.154858
-0.547694
 0.281501
-1.878820
-0.172481
-1.134831
-0.718081
 0.477085
-0.735551
 0.689312
 0.269159
 0.176320
 0.082449
-0.250044
 0.150980
-0.525645
 0.659957
 0.236463
-1.193813
-0.902617
-0.577659
-0.100660
-0.875444
-0.616099
 0.833998
 0.026735
 0.482824
-0.420298
-1.937905
 0.201083
 0.794182
 0.369608
-0.354855
-0.747516
 0.822794
-0.038885
 0.259100
 0.187588
-0.493484
-1.666634
 0.526964
 0.416326
-0.161896
-0.978303
-0.177138
 0.059074
-0.171441
 0.186430
 0.530295
 0.182661
-0.406252
-0.021327
 0.157749
 0.751376
-0.338732
-2.095238
 0.154596
-1.296134
-2.160763
 0.596041
-1.004899
-1.403705
-1.181437
 0.329913
-1.367547
 0.210559
 0.295788
 0.209829
 0.630429
-0.024558
-1.430525
 0.236664
-0.260602
-0.826760
 0.806980
-0.534793
-0.255966
 0.833828
 0.574484
-0.393511
-0.868796
 0.770988
-1.338149
 0.543120
-0.688315
 0.737626
 0.172592
-0.169266
-0.826689
-0.510688
 0.741795
-0.573855
-0.537203
 0.632692
 0.051867
-0.218520
 0.194116
-0.531480
-0.786781
 0.806610
-0.064690
 0.386848
 0.100402
 0.688060
 0.525236
 0.043652
-0.668186
 0.308295
-1.021754
-1.087719
-1.648989
-0.707638
 0.696759
 0.318434
-1.450176
 0.126219
-0.867403
-1.549864
-0.642634
 0.127361
-0.402085
-0.229982
-0.533514
 0.060924
-0.862830
 0.328462
 0.638254
-1.075766
-0.228543
-0.081971
-1.880483
-0.887376
-0.442844
-1.481288
 0.490471
-1.756441
-0.178570
-0.876387
-0.808092
-0.975046
 0.242245
-0.089877
-1.046286
 0.029388
 0.108840
-0.815611
 0.426455
-0.884463
-0.687854
-0.458281
 0.263070
-0.037749
-0.102178
-0.014134
 0.158314
-1.089545
-1.220062
-0.292400
-1.222935
-0.925145
-1.186985
-0.912040
-2.394462
 0.566949
-0.618079
 0.412192
 0.726597
-1.804924
-0.501367
-1.216931
-1.642962
 0.580498
 0.064147
-1.547728
 0.616856
-0.640661
 0.556423
 0.160424
-0.612066
-0.728497
 0.707055
 0.323468
-1.502018
 0.764404
-1.259615
-0.537975
-0.158087
-0.723939
 0.615427
 0.134459
-0.896068
-1.533461
 0.737953
 0.662288
-1.040656
-1.910184
 0.778448
-1.057939
-1.122270
-1.418638
-1.859715
-1.353840
 0.318764
-1.136627
 0.642460
-1.127882
-0.553566
-0.969522
-0.733960
 0.629162
 0.103472
-1.387259
-1.297397
-1.594573
-0.789251
 0.050385
 0.221777
-0.481395
 0.565539
-0.242367
-0.876482
-0.794540
-0.326220
 0.017486
-0.612373
-1.227757
-0.041427
-0.541084
-2.203914
 0.516087
 0.776314
 0.533141
 0.411819
-0.303787
 0.557323
 0.834668
-0.084785
 0.273745
-0.106926
-0.220263
-0.774683
-0.087409
-1.646846
 0.781686
-1.017544
-0.212897
-0.213899
-1.511964
 0.789088
 0.041243
-1.130235
-0.704882
-0.188024
-0.146075
-0.638213
 0.140255
-0.886501
-0.669714
-1.009610
 0.358057
-0.603887
-0.538293
-0.216040
-0.903555
 0.176035
-0.201371
-1.640216
-0.416221
-0.929172
-0.591488
-0.401074
-0.107718
-1.381103
-0.784948
-0.191972
 0.620097
 0.504305
 0.244248
 0.249274
-0.970957
-1.918482
-1.413783
 0.354182
 0.474074
-0.978947
-0.864004
 0.092200
 0.226979
-0.483487
 0.584295
 0.510611
 0.769609
 0.499324
-0.036263
 0.537686
-2.158263
 0.265756
 0.645842
-1.602145
-1.051898
-1.882445
 0.534989
 0.820342
-1.421040
-0.303972
-1.000683
 0.551247
-0.968097
-0.891623
 0.416435
-0.814849
-0.677619
-0.301142
 0.585704
 0.187412
-0.644915
-0.457810
-0.552674
-1.099548
-0.370366
 0.514806
-0.620205
 0.106793
-0.904665
-1.463615
-0.027060
 0.499717
-0.083220
 0.799166
 0.284663
-1.216633
 0.647438
-0.128559
-1.368782
 0.820637
-0.120399
-0.508827
 0.824532
 0.804702
-0.135092
-1.160558
-1.284817
-0.326862
-1.390827
-0.472847
-0.044235
-0.349898
 0.197710
-2.292949
 0.792121
-0.119361
 0.572508
-0.369334
-0.142551
-1.111487
 0.240537
-0.714062
 0.252845
 0.163126
 0.421127
-0.051421
 0.201987
 0.173978
 0.638074
-0.586725
 0.348569
-0.925705
 0.145194
 0.661059
-0.367921
-0.214611
-1.196367
 0.118866
 0.733035
-0.698610
-1.363924
 0.001168
-0.103207
-0.787037
 0.817371
-1.288176
-0.283361
-0.483204
-0.375577
-0.567505
-0.641692
-0.902157
-2.037076
-0.772719
-0.129461
 0.322319
-0.505243
 0.576318
 0.012230
-1.413571
-0.044072
-1.774986
-0.224030
-1.020212
 0.708664
-2.068337
-0.641221
-0.905294
 0.565369
 0.011321
-0.154789
-1.479146
-1.330696
 0.004359
-0.492614
-0.581064
-1.091537
-1.273171
-0.253031
 0.821211
-1.841186
-0.358703
-1.162005
-1.024868
-0.126813
-0.008665
 0.288198
-0.118905
 0.057706
 0.007954
-0.918403
-0.445241
-1.341505
 0.187077
-0.886069
 0.539031
 0.523505
-2.104608
 0.834643
 0.679723
 0.107700
-2.193048
-1.875155
 0.794941
-0.514104
 0.291403
-2.827965
 0.478011
-0.736536
-0.767163
-0.362772
 0.354360
-0.855132
-0.811357
 0.789459
-0.528356
 0.148223
-0.200911
-0.259727
-0.311931
-0.907824
 0.387913
 0.222858
-0.064381
 0.829218
-0.703416
 0.123941
-0.127611
 0.015522
-0.402186
-0.477412
 0.219681
 0.632297
 0.160823
-0.464743
-1.057474
-0.344344
 0.557318
 0.438745
-1.601963
-0.639403
-0.090476
 0.211823
-0.837759
-0.812949
-0.986810
 0.223824
 0.560246
 0.172630
-0.338711
 0.212247
-1.779905
-2.374023
 0.520986
 0.523597
-1.156339
-0.064474
 0.603435
-0.309947
-0.819712
-0.073158
 0.809185
-0.439317
 0.270433
 0.076603
 0.337069
 0.341856
-1.313971
 0.259708
-0.348876
-0.048033
-0.930518
 0.389672
 0.200632
-0.028802
 0.266609
 0.355233
-1.442431
 0.066933
-0.381556
-0.059508
 0.206860
 0.038818
-0.333245
 0.696630
 0.656824
-1.964274
-0.679946
 0.787335
 0.732800
-1.995079
-0.254572
-1.592876
-1.276434
 0.054508
-0.635039
-0.490176
-0.433896
 0.244011
 0.821710
-0.949210
-0.173986
 0.293159
-0.299722
 0.735377
 0.040958
-1.067120
-0.604802
 0.795934
-0.700304
-2.961064
-0.743272
 0.235825
-1.025615
-1.216288
-1.165412
-0.477567
-0.151707
 0.285828
-0.590315
 0.378210
-0.796184
-1.505032
 0.588670
-1.349875
-0.421661
 0.644299
 0.444941
-0.212247
 0.097881
-1.550752
-1.506355
 0.545485
 0.832227
 0.252960
 0.142778
 0.399442
 0.121126
-1.577156
 0.369224
 0.359694
 0.768979
-0.125226
 0.328295
-0.506924
-0.509356
-0.568962
 0.047977
-1.672765
-0.877079
-1.611125
 0.409614
-0.537409
-0.975982
-1.619233
 0.015005
-0.626807
-0.992720
-1.316890
 0.834585
-0.711493
-0.957889
-1.747857
-0.658343
 0.794334
 0.617809
-0.051151
-0.578571
-0.718899
-1.488661
 0.361990
 0.108121
-0.094458
 0.300311
 0.777139
 0.589859
-1.986714
-0.339859
 0.301225
-0.064949
-0.606403
-0.228661
 0.080381
-0.394105
 0.518708
 0.352979
-1.064159
 0.052971
 0.160785
-1.095001
 0.151156
 0.619140
 0.558608
-1.340014
 0.250375
-0.495614
-1.337085
-0.358363
-0.973821
-0.096751
-0.053942
 0.494630
-1.054684
 0.051395
 0.751831
-1.714333
 0.445252
-0.064451
 0.705784
-0.702264
 0.089143
-0.315255
 0.615703
-0.248610
-0.621980
-0.424058
-0.196244
 0.181402
-1.152293
-2.051752
 0.105171
-0.829983
 0.805970
 0.383004
-0.451019
-1.449790
 0.043701
-1.429444
-0.222144
-1.952541
-0.666543
 0.370883
-0.036990
-0.840725
-0.417039
-1.905801
 0.312548
-0.964677
-1.060273
 0.125490
 0.151161
-1.436433
-0.997823
 0.484847
-1.260396
-0.386121
-0.571378
 0.675585
 0.244925
-0.650884
-0.668054
-0.581201
 0.362010
 0.763143
-0.970706
-1.224375
-1.735098
-0.020211
-1.765477
-0.279695
 0.818151
 0.402709
 0.202776
-0.298224
 0.291791
 0.659045
-0.126045
-1.051739
-0.148833
-1.306194
 0.419641
 0.410197
-0.991181
-0.795118
 0.833016
-0.042527
 0.544474
-0.593582
-0.800717
-0.296912
-1.177969
-0.576544
-0.636771
 0.343879
-0.711316
-1.092998
-1.140145
 0.203849
 0.475032
-0.149771
-0.578432
 0.797965
-0.492740
-0.290780
 0.097314
-1.074364
 0.255448
-0.138841
-1.303065
 0.043900
 0.713922
-0.808220
-1.268143
-0.870662
 0.586068
 0.061646
-0.964902
 0.710721
-1.161991
 0.756527
 0.651029
 0.193115
-0.655390
-0.937854
 0.754250
 0.770232
-0.578177
 0.200396
-0.396647
 0.430803
 0.380609
 0.674574
-0.842630
 0.223826
-2.192571
-0.357596
-1.914969
-1.362027
 0.317874
 0.477481
-2.205739
-1.178457
-0.801016
-0.730579
-1.055938
-0.938683
-0.701184
-2.246003
-0.446917
 0.399804
-0.262282
 0.017519
 0.180997
-0.516473
-0.432269
-0.241392
 0.106680
-0.530360
-1.218721
 0.325586
-1.623028
-0.716441
-0.479050
-0.963574
-0.834813
 0.556794
-1.579172
-0.432398
 0.079604
 0.096360
-1.661963
 0.095308
 0.000725
 0.504853
-1.171353
-0.054803
-0.877285
 0.281271
 0.806820
-0.472327
 0.257259
 0.183679
-1.318763
 0.582851
-0.793283
-1.235614
-0.518358
 0.098445
-0.174896
-1.035259
 0.747845
-0.591976
-0.193568
-0.358255
-0.174783
-0.104570
 0.289980
-1.156209
 0.769153
-1.213405
 0.406844
-1.745055
-0.891877
-0.348053
 0.358746
-1.132166
-1.006936
-1.955689
 0.153765
-0.449620
 0.060994
-0.142706
 0.666612
-0.101209
-1.347034
-0.454261
-0.466633
-1.526294
 0.781408
-1.387990
-1.393080
-0.747973
-1.150258
-0.399979
-1.433189
-0.370110
-0.284352
 0.373888
 0.263030
-0.224079
 0.338840
-0.271528
-0.737374
-0.566815
 0.000737
-0.763064
 0.625334
 0.693061
 0.528240
 0.719439
-0.705876
 0.500618
-1.076968
-0.942343
 0.377109
-0.047881
 0.253365
-0.573032
-0.743084
-0.357957
 0.060272
-0.339370
 0.828817
-0.319451
-1.600304
 0.429608
 0.459041
-0.841792
 0.332520
 0.580209
-0.050076
-1.246380
 0.110868
-0.494976
-0.180698
 0.367930
-1.013913
-2.167642
 0.607022
-2.875674
-0.228107
-0.410921
 0.701255
-0.964862
-0.038079
 0.103374
 0.456924
-1.759138
-0.907573
-1.369782
 0.550147
-1.109195
-0.831965
 0.722939
 0.523993
 0.314776
-1.452510
-0.330397
-0.077056
-0.116199
-0.110311
-0.216730
-1.070843
-0.833264
-0.933197
 0.330582
-0.896513
 0.413529
-1.198929
-0.359285
-0.500157
 0.283907
 0.784438
-1.015577
 0.041323
-0.558556
 0.322342
-0.978939
-0.129741
 0.720690
-0.050922
 0.709784
-0.182311
 0.838910
-1.097447
-0.941759
 0.067791
 0.284930
-1.074822
 0.661289
-0.654755
-0.602146
-0.928710
-0.266428
-0.175543
-0.661830
-1.476075
-0.123805
-1.355718
 0.518581
-0.744950
-1.826256
-1.256076
 0.014385
 0.377810
 0.286743
-1.209524
 0.801330
 0.130741
 0.632481
 0.158593
-0.226091
-0.704689
-1.311200
 0.329207
 0.830544
 0.701342
 0.053928
-0.426462
-1.101596
-0.811432
-1.187716
-0.226894
-1.524199
-1.630937
-1.943519
-0.665636
-0.243231
-1.961922
-0.576984
 0.148417
-0.492737
-1.017595
-0.151428
-0.090990
 0.507924
 0.109470
-0.053976
-0.885383
-2.393572
 0.650452
-0.666053
-0.319643
-0.183238
-0.765201
 0.111367
-1.177300
-0.518248
-1.523628
-0.024900
-1.390143
-1.522151
-0.036864
-0.536169
-0.607226
 0.557982
 0.726726
-0.106858
-0.021511
-0.450763
 0.240773
 0.226907
-2.398554
-0.447858
 0.197384
 0.627365
 0.425546
-1.060560
-0.150571
-0.321312
-0.100078
 0.700972
-0.943241
 0.101139
-1.007645
-0.067431
-0.536756
-1.659355
 0.372814
 0.333411
-1.267774
-2.331495
-0.423335
-1.495109
-1.948059
-0.026144
-0.321722
-0.882400
-1.041142
 0.305506
 0.153726
-0.172936
-1.994164
-0.705962
-0.983883
-0.176450
-1.368048
-1.389215
-1.267385
-0.327112
 0.629294
-0.448645
-0.388169
-0.142061
-0.850669
 0.679058
 0.003438
 0.303135
-0.677799
-0.659085
-0.418397
-0.842258
-1.133499
-1.302174
 0.438088
-0.479715
 0.332589
-0.328300
 0.142938
-0.054563
-0.583249
 0.754320
-0.293523
 0.104778
 0.472428
-0.677201
-0.042027
-0.081132
 0.466174
-0.180612
 0.435815
-0.532855
 0.024625
-0.170377
-0.068329
-0.085089
 0.761538
-1.898440
-1.226596
-0.463168
-0.011600
 0.044423
 0.169515
 0.285820
-0.241327
-0.143293
 0.683312
 0.580912
 0.175725
-1.239908
 0.325985
-0.670242
 0.479564
-1.540872
-0.199080
 0.829023
-0.927285
-0.417056
 0.452932
-1.427776
-0.155643
-0.552448
-0.721026
 0.482429
-0.568900
-1.190994
-0.189331
 0.507692
-0.759295
-1.067822
-1.131881
 0.183261
-0.477973
-0.089799
-0.241553
-0.423794
-1.249557
-0.107635
-1.143439
 0.158915
-1.271804
-1.548899
-0.619423
 0.841004
 0.100040
-0.154463
 0.515807
-0.597564
-0.116881
 0.716268
-1.589727
-0.581780
-0.181085
 0.455508
-1.617827
-1.816464
-2.066875
-0.808254
 0.726494
 0.450956
-0.168956
-0.162873
-0.137028
-0.480467
 0.385321
-0.860302
-0.212812
-1.930055
-0.265172
 0.605421
-0.454346
-0.105683
-0.979504
-0.200728
 0.450822
-0.023037
-1.512722
-0.347051
 0.786476
-1.665075
-1.060012
-0.256019
-0.370281
 0.629578
-1.562030
-0.709810
 0.828259
-1.453295
 0.608158
-1.417021
 0.605546
 0.694216
 0.169566
-0.975937
-1.986060
-1.468907
-0.669623
-0.268908
 0.032439
 0.532060
 0.428603
 0.212459
-0.205370
-0.909083
 0.384456
 0.711416
-0.219320
 0.726831
-2.443508
-0.199829
-0.457432
-0.533733
-0.638546
 0.016690
 0.220705
 0.035572
-1.163329
-0.042280
-0.158115
-0.536373
-1.399972
-1.193011
-0.285858
 0.580820
-0.305060
 0.323021
-0.009676
 0.033806
 0.014433
-1.093265
-1.595625
-0.569205
 0.644123
 0.603649
 0.796785
 0.412042
 0.387289
-0.750471
 0.570337
-0.125671
 0.658727
-0.573650
 0.666835
 0.131212
-0.942473
 0.352483
 0.127882
-1.273588
-0.743764
-0.691987
 0.016783
-0.527566
 0.021116
 0.576666
 0.143446
 0.077440
-0.063661
-0.783953
-0.581745
 0.671578
 0.571821
 0.002521
 0.057766
 0.461288
-0.197188
-0.620464
-0.300882
 0.061599
-0.196351
 0.290289
 0.736283
-0.702899
-2.288357
-1.174617
 0.251364
-0.936189
-0.046364
-1.820508
-0.199948
-0.133051
 0.820497
-0.696753
-1.707979
-2.045884
 0.234028
-1.476524
 0.391367
 0.604010
-0.162674
-0.563024
-0.782559
-0.023670
-0.421825
-0.945854
-0.291106
-0.437032
-0.343808
-0.513351
 0.689059
-0.829444
-0.162374
-0.694364
 0.730669
 0.653111
-0.827358
 0.114841
-0.282327
 0.569268
 0.286374
-1.935136
 0.627374
 0.073642
 0.818966
 0.777368
-1.604088
-0.998649
 0.728783
 0.777554
-0.933432
-0.321365
 0.290571
-0.665291
 0.744127
 0.064585
 0.001315
 0.776463
-0.231115
 0.392506
-0.521409
-0.036356
 0.819881
-0.574320
-0.682769
 0.061146
-1.276166
 0.156403
 0.657036
 0.811611
 0.101844
-1.422025
 0.188934
-0.401951
-0.158233
-0.275160
 0.216255
 0.421057
-1.269302
-1.525543
-0.239877
 0.158637
-1.346982
 0.308908
-0.478782
-0.844571
 0.468982
-1.086814
-0.196720
-1.226395
-0.066913
 0.557931
-0.779250
-0.417115
-1.771650
 0.584698
-0.895002
-0.874728
-0.128672
-0.919455
 0.739624
 0.043981
-0.035661
-1.134131
 0.011236
-0.146215
-1.152988
-0.782556
-1.591904
-0.899157
 0.387611
 0.267486
 0.162496
-0.894682
-0.547992
-0.274771
-1.141851
-0.612585
-0.140471
 0.347407
-1.013725
-0.171015
-0.549253
 0.404457
 0.776932
 0.504523
 0.402664
-0.665498
 0.467287
-1.345957
 0.815398
 0.534426
-0.531584
-0.004800
 0.467738
-2.238077
 0.508892
-0.387535
 0.778479
 0.672820
 0.546719
-0.022854
 0.658281
-0.207404
 0.720608
 0.837299
 0.524683
 0.230819
 0.127475
-1.441303
-0.326729
 0.746707
-0.154730
 0.252797
 0.280367
-0.203787
 0.331574
 0.321331
 0.568489
 0.078096
-1.108330
 0.208549
-0.132234
 0.499637
-1.981297
 0.466604
 0.131482
-1.583590
 0.397268
 0.011804
 0.223471
 0.567817
 0.664533
-0.411711
 0.157659
-0.414755
 0.302985
-1.333797
-0.544006
-1.327180
-0.036388
-1.315065
 0.341993
 0.834141
-1.303037
-1.387989
-0.614428
-0.094847
-1.505482
-0.672019
-0.667341
-0.431063
-2.138522
-1.456734
-0.539956
-0.816063
-0.180357
-0.474267
 0.104647
-1.553920
-0.218508
-1.582591
 0.548052
-0.865515
-0.119115
 0.451234
-0.347145
 0.104609
-0.815660
-0.097917
-0.304081
 0.750525
 0.585217
-1.635913
-0.226141
-1.820996
-0.260331
-0.995462
 0.425525
 0.818286
 0.003542
-0.605403
-0.968461
 0.421227
-0.144417
-1.329801
 0.745522
-0.776653
 0.580448
-0.530109
-0.706474
 0.171269
 0.435123
-0.773493
 0.813067
-0.279205
-1.497893
 0.686771
-0.909776
-1.166603
-0.482874
-1.166401
 0.180698
 0.530019
 0.511138
-1.162593
-0.622806
 0.115241
-1.150278
-0.215208
-0.005668
 0.008149
-1.955034
-0.473107
-0.730806
-0.688678
 0.465562
-0.519188
-0.165952
-0.770656
 0.544046
-1.448335
 0.158379
-0.398534
-1.739175
-1.053135
-2.344202
-0.272573
-1.526226
-0.647557
-1.903429
-0.236139
-0.439808
-0.190789
 0.801540
-0.929971
 0.802655
-0.698148
-0.688246
-0.297282
 0.683044
-0.958418
-0.584963
-0.937510
-1.367981
-0.892976
-0.980917
-0.054506
 0.706028
 0.495958
 0.615874
 0.004434
-0.430886
 0.642759
 0.505945
-1.387337
 0.167396
 0.060916
-0.193465
 0.624326
-0.585586
 0.625530
 0.097811
 0.712333
 0.303646
-0.318481
-0.956336
 0.456855
 0.048917
 0.326812
-0.498778
-0.363795
-0.194508
-1.397105
-0.219600
 0.150898
-0.280166
 0.312568
-0.076819
 0.162960
-0.621187
-0.316528
-0.003690
-0.740483
-0.092488
-0.616691
-0.243710
 0.512119
-0.564452
-0.212151
-0.092880
-1.253401
-1.651654
-1.354603
 0.686274
 0.514566
-0.283823
-1.715710
 0.738717
-0.592295
 0.248933
 0.318561
 0.022515
-3.685499
 0.624770
-0.858510
-1.530660
-0.948720
-2.275704
 0.733612
-1.144629
 0.787839
-0.128224
-0.175397
 0.610621
-2.844820
 0.655866
 0.187484
-0.436189
 0.367259
-0.800938
 0.622114
 0.772297
-2.662021
 0.329746
-0.975743
-0.208770
-0.247633
 0.206032
 0.460012
-0.269203
-0.602149
-0.650098
-1.448208
-1.876775
-1.429521
-1.103204
 0.673914
-0.406890
-0.084143
 0.204306
 0.167345
-0.752670
-1.577710
 0.256650
 0.395973
-0.681819
-0.555480
 0.767655
 0.741521
-1.650473
 0.817368
-2.385323
 0.255383
-0.781337
 0.110929
 0.561623
 0.571206
-0.480227
 0.537996
 0.135124
-0.477008
 0.322273
-0.760279
 0.588234
-1.353238
-0.362654
 0.454291
-0.438066
-0.762632
-0.094300
 0.030297
-0.837444
-1.773145
 0.063701
 0.116049
-0.836286
 0.577898
 0.201111
 0.068841
 0.319244
-1.207186
 0.238704
-0.031506
-0.581035
 0.653109
-0.012958
 0.308393
-0.567816
 0.176732
 0.499990
-0.518771
-0.246056
-0.356239
 0.061432
 0.468778
-1.052226
-1.276613
-1.263945
 0.224004
-0.799829
-0.874484
 0.589997
-0.661150
-3.570243
-1.369038
-1.722810
-0.306956
-1.114165
-1.343031
 0.158589
-0.834952
-1.482721
-1.008148
-0.198892
 0.834970
-0.612779
-0.730575
-0.419729
-0.607405
-0.939698
-1.379486
-0.556595
-1.439903
 0.267381
-1.500102
 0.548318
-0.665822
 0.026075
-1.182062
-0.216241
 0.295465
-0.298977
-1.379939
 0.235845
-0.534894
 0.168030
-0.887876
-0.525923
 0.229579
-0.560087
 0.698765
-0.385960
-1.345204
 0.093078
 0.784569
 0.261416
 0.219862
-0.295773
 0.085134
 0.357410
 0.297200
 0.694089
 0.095799
-1.142507
 0.737080
 0.298669
-0.317183
-0.805294
 0.690477
-0.922653
-0.588982
-1.949202
-0.296714
 0.010389
-1.051148
 0.532401
-0.737407
 0.320692
-0.257071
-1.849625
 0.520615
-0.607412
-0.989305
-1.455625
-0.409878
 0.800617
 0.661237
 0.146308
-1.440363
-0.337606
-1.264824
 0.520756
-0.588125
-0.101867
-0.202482
-0.426890
-0.645431
-0.892552
 0.239369
-0.125745
-0.458766
-0.123802
-0.244599
-0.333306
 0.132421
-0.274772
 0.032459
-1.668710
-1.158266
-0.124842
-1.214387
-0.815175
 0.586738
 0.828828
-1.176536
 0.153977
 0.573717
-0.095553
 0.461053
-1.417436
 0.453500
-1.563105
-0.005727
-0.733533
-1.740812
 0.268043
 0.460981
-0.626098
 0.461010
 0.240284
 0.223687
-1.346534
-0.023652
-0.490041
-0.601095
-1.281286
-0.018769
 0.496095
-0.595216
-0.057323
-1.507135
-0.690247
-0.688872
 0.793437
-1.588259
-0.114978
 0.725014
 0.034916
 0.430784
 0.275295
-0.273758
 0.367248
 0.375503
 0.208633
 0.062614
-0.137898
 0.526140
-0.731563
-0.780807
-0.842090
-1.949794
-0.598556
-1.214023
-0.045399
-1.062187
-0.627529
-0.470268
-0.089512
-2.077574
 0.417186
-0.613219
-1.944723
 0.097351
-1.744946
-0.203680
 0.097197
-1.074957
-0.741015
 0.809838
-0.405545
-1.243592
 0.307097
 0.127601
-1.180808
 0.363236
-0.070384
-0.054267
 0.094680
-0.024073
-0.557499
 0.604261
-1.047760
-2.741220
 0.805573
-0.307623
-1.193760
 0.069537
-0.961685
-0.321337
-0.889345
-0.072355
-0.049167
-1.768921
 0.168012
-0.126732
-1.229705
-0.337560
-1.127454
-1.144573
-0.995100
-0.066222
-0.959428
-0.223977
-0.458088
-0.366410
-2.182980
-1.376574
-0.818140
 0.289707
-0.572815
-1.559262
-0.347149
 0.313583
 0.328556
-0.988137
 0.003767
-0.291211
-1.437165
 0.035584
-2.723051
-0.174169
-0.436939
-0.273024
 0.092185
-1.328629
-0.280113
-0.263956
-1.286207
 0.076227
-1.816890
-0.396383
 0.203907
-0.325758
-1.390984
 0.228280
 0.300930
-0.953040
 0.114889
-0.147401
 0.805762
 0.231648
 0.084132
-0.546075
-0.954564
-1.129916
-0.104179
-1.251536
-0.300057
-0.484702
 0.612047
-1.185049
-2.591968
 0.374175
-0.591299
 0.073651
-0.256472
-0.371956
 0.594788
 0.508693
 0.693653
-0.006419
 0.166511
 0.033998
 0.337018
-0.159934
-1.360900
 0.129262
 0.286161
 0.197812
 0.652149
-1.133780
 0.650318
-0.160262
-0.941691
-1.432479
-1.620503
-0.279527
 0.171653
 0.131270
-0.834329
 0.835531
-1.162424
 0.516464
-2.131986
-1.129964
-0.926522
 0.734492
 0.560893
-0.063406
-1.940690
-0.677022
-0.340150
 0.303136
 0.170150
-0.904203
-0.045161
 0.392523
-1.137719
-2.066797
-0.263736
-1.190833
 0.483843
-1.606245
-0.801989
 0.163769
-0.095378
-0.338619
-0.281722
-1.571458
 0.778823
-0.003867
 0.332011
-0.553334
-0.144133
-1.988309
 0.153974
 0.039081
-0.487650
 0.560118
 0.330102
-1.042476
-0.560666
 0.803711
-0.148773
-0.037691
-1.243695
-0.090210
-0.761905
-0.593467
 0.343965
 0.740872
 0.740294
 0.247899
-0.038552
-0.785024
-0.018391
 0.176698
 0.513352
-0.146913
-0.160217
 0.734726
-0.282997
-1.053404
-0.830250
 0.394839
 0.305863
 0.215481
-0.451524
 0.695077
-0.506852
 0.338923
-1.130628
-1.441749
 0.038091
-1.329871
-0.751706
 0.288280
-0.073573
-0.434304
 0.547132
 0.830283
 0.582803
 0.407231
-0.620881
 0.739126
-0.992347
 0.267728
-0.040938
-0.755164
-0.634464
-0.181916
-0.447289
-1.045285
 0.433232
-0.896100
-1.437366
-2.182985
-0.996905
-0.606447
 0.361715
 0.749316
-0.909373
 0.556368
 0.259637
-0.661983
-1.264568
 0.154904
-0.007816
 0.501714
-0.564629
-1.452022
-1.400047
 0.116684
-0.047075
 0.025970
-0.588391
 0.642609
 0.496412
 0.237451
 0.048597
 0.437079
-0.374657
 0.291091
 0.384406
 0.198302
-0.324563
 0.486407
-0.579263
-0.443214
-0.148574
-1.026565
-0.338875
-0.656714
-0.367711
-1.661660
-0.190075
-0.624919
-0.527488
-1.491469
-0.673084
-0.152428
-1.264300
 0.010649
-0.352019
-0.544779
-0.655072
-0.312579
 0.194686
 0.236838
 0.813973
 0.256593
-0.929040
-0.875602
-0.610460
 0.682708
 0.427336
-1.035990
-1.322188
 0.112171
-0.982076
 0.009304
 0.318050
-0.638908
 0.792024
 0.526822
-0.051676
-1.492287
-0.739751
 0.783419
 0.178423
-0.828888
 0.758035
 0.611423
 0.514235
-0.755387
-0.676186
-1.300092
-2.200896
-0.534471
 0.221436
-0.468926
-1.290279
 0.835022
-1.248230
-0.228398
-1.006895
-0.963943
-0.478180
-0.361734
-0.582445
 0.292157
-0.669006
 0.269809
-0.511650
-0.701179
 0.170558
-3.201404
-0.066077
-0.443340
 0.409195
-0.227501
 0.230567
 0.445511
-0.634389
-1.460387
-0.272209
-0.699539
 0.614140
 0.680149
-0.443117
 0.523760
 0.421367
-2.238833
-1.368524
-0.232581
 0.835159
-1.329152
 0.068828
 0.043757
 0.273083
-1.368020
 0.438099
 0.128568
-0.186035
 0.621172
-0.744282
-0.656852
 0.554107
 0.006833
-0.045213
 0.368680
-1.169030
-2.610793
-0.265906
-1.365557
 0.357466
-0.192225
-1.415148
-0.128079
-0.854018
 0.006276
-0.817543
-0.021593
-0.759773
 0.487797
-0.296437
-0.721085
-1.414352
 0.839117
 0.619830
-0.557768
-0.750041
 0.485022
-3.581474
 0.316696
 0.496235
-0.435178
-0.999053
 0.310200
-1.647731
 0.491598
-1.024618
 0.590599
-1.497473
 0.623913
 0.780486
 0.050672
 0.581582
-0.978059
-2.521361
 0.722754
-0.164355
-1.024376
-2.432424
 0.679814
 0.412323
-0.657707
 0.204552
 0.195052
-0.413188
 0.341002
 0.006705
-1.657628
-0.415773
 0.080786
 0.063910
-2.738582
-0.199839
 0.531489
-2.772254
 0.693194
-0.922517
-0.885504
-1.193647
-0.344903
-0.359252
-2.035766
-1.016751
 0.780835
-0.786436
-1.489973
 0.626942
-0.836703
 0.262607
 0.054577
 0.542255
-2.052874
 0.658482
 0.096702
-0.035402
-1.375920
-0.404087
-1.220725
-0.152060
-1.324470
-0.225500
 0.729376
-0.468737
 0.327584
 0.354498
 0.403474
-1.273024
-0.606713
-0.033318
 0.246637
-1.012567
-0.257735
 0.337737
 0.338064
-1.735844
 0.619091
 0.301578
 0.291637
-0.609685
-1.377795
-1.521686
-0.542928
 0.282609
 0.043701
-1.250392
 0.057059
-0.898085
-0.804425
 0.510022
-0.044927
-0.761341
-1.128260
-0.290360
-0.186490
 0.810140
-1.276904
 0.175578
 0.218515
 0.236622
 0.582087
-0.860767
 0.160299
-0.150022
-0.424659
-0.802686
 0.412133
-0.105434
-0.420817
-0.062101
-2.098041
 0.036168
 0.036772
-2.415959
-0.698281
 0.677659
-1.094073
-2.553086
-0.085087
-1.052545
 0.515803
 0.130470
-0.262972
-0.596145
 0.085348
-0.766296
 0.147266
-0.186357
 0.188255
 0.483874
-0.544820
 0.054835
-0.711297
-0.866651
 0.655858
-1.142770
-0.026356
-0.292561
-0.819047
 0.348171
-1.517653
-1.114285
-0.918148
-1.243642
-0.598423
 0.031805
-0.040962
 0.134601
-0.357701
 0.003511
-1.884539
 0.267754
-0.251534
-0.402409
-0.858322
-2.016244
-0.023756
-1.253350
 0.686605
-0.842483
-0.661062
-0.415854
 0.532477
 0.709262
 0.632552
-0.614086
 0.668644
-1.440639
 0.584352
 0.363954
 0.523891
-0.804475
-0.224207
-1.562334
 0.206461
-0.432856
-0.155497
 0.289860
-1.094332
 0.536811
-1.082676
-0.250598
-1.664906
-0.015444
-1.337590
 0.358418
-0.408198
-0.971893
-0.348496
 0.235706
-1.210125
-0.186128
 0.607484
-0.980820
 0.145748
-0.330172
-0.591001
-0.942382
-2.416054
-0.521516
-1.277341
 0.534735
 0.096272
 0.288181
-0.850001
-0.643105
-0.383297
 0.260728
-1.391239
-1.930414
-0.882139
 0.508523
-0.708012
-0.606896
 0.346410
 0.004720
 0.210569
 0.426841
-0.401397
-1.195868
-1.539198
-1.662349
 0.674080
-1.652091
 0.706091
-0.542375
 0.409421
 0.490810
-0.153131
 0.380915
 0.294672
-1.384558
 0.174269
-0.515210
-0.610157
-0.528302
-1.402206
-0.171409
-0.673520
-1.006761
-0.278468
-0.174219
-0.003203
 0.615014
-0.098307
-0.787681
-1.452948
 0.182145
-1.125067
 0.236453
-1.069373
 0.211292
-0.606276
-0.738509
-0.303581
-1.785547
-0.753418
-0.550302
 0.625710
-1.716382
-0.086207
-0.526285
 0.484422
-1.013257
-0.951824
 0.501164
-0.044240
-1.223939
 0.490270
-0.279536
-1.623681
 0.005025
-0.874293
-0.340520
-1.892281
-1.360097
 0.589075
-0.802038
 0.434139
-1.201063
-1.199955
-0.513677
-0.317573
-1.333890
-0.348477
 0.806227
-0.895407
-0.463583
-1.326870
-0.227534
-2.156025
 0.456868
 0.241443
 0.042332
 0.534737
-1.318411
 0.460159
-0.452782
 0.278865
 0.108729
-0.098849
 0.311965
 0.732902
-2.126767
-1.357076
-0.012268
-0.072572
-1.071154
 0.426920
-1.877167
 0.733225
-0.657433
-0.157614
-0.593757
-0.370584
 0.674931
 0.527089
-0.008183
-1.894960
 0.377114
-0.343909
-0.991580
-0.943675
 0.318287
 0.058938
 0.380694
 0.548697
-0.501302
-1.416095
 0.254172
 0.833926
-0.919203
 0.342033
-1.937823
-0.806020
-0.167214
-0.095198
-1.441997
-0.117254
 0.260429
-1.778919
 0.527570
 0.510057
-2.228816
-0.532129
 0.194225
-2.084314
-0.307091
 0.654583
 0.322262
-0.116110
-1.773179
-0.332133
 0.097916
 0.605924
-1.150236
-2.432388
 0.165007
 0.141366
-0.191017
 0.041300
 0.512859
 0.062967
 0.258562
 0.251137
-0.005021
-0.368938
-1.046729
-0.911341
-1.859642
 0.584488
-0.523675
-1.282614
 0.084903
-0.311000
-0.215659
-0.319217
-1.818140
-0.286231
 0.686096
-0.519310
-0.500098
-0.660578
 0.758545
 0.582465
-1.607035
-0.390761
-0.322920
 0.501160
 0.135932
 0.397014
-0.266987
-1.564250
-0.279750
 0.742957
-0.748394
 0.174486
-2.344412
-0.466061
-0.007949
-1.953853
-0.094886
 0.545811
 0.394028
 0.226725
-0.810935
-1.622256
 0.088434
-0.817504
-0.770485
 0.478032
-1.059263
 0.629530
 0.178724
 0.444709
-0.086563
-0.495635
-0.927416
 0.307700
-0.005634
 0.603296
-0.846344
-1.048497
-0.892004
-0.380505
 0.082249
-0.597410
-0.784649
-0.416767
 0.322706
 0.520087
-0.422188
 0.733997
 0.393032
-1.338273
 0.468088
-1.036990
-0.007853
-0.904204
 0.505091
-0.942074
 0.375226
-1.543300
 0.261774
 0.461109
-0.979970
-0.992902
-0.897077
-1.171230
 0.094015
-0.532910
-0.884700
 0.167527
-1.384734
 0.261570
-0.876588
-0.882874
-1.343803
-0.643131
-0.243689
-1.765872
-1.793229
 0.515323
-1.465313
-0.460530
-0.910269
-0.780990
-0.107118
-0.657885
-0.164514
-0.192056
-0.884125
 0.033896
-1.203875
-0.027718
-0.697397
-0.853406
-0.183378
-0.032470
-1.242327
 0.589969
 0.603868
 0.304796
-1.219940
-1.332740
-0.353752
-0.853985
 0.398033
-0.582308
 0.412188
 0.239192
-0.623549
 0.442638
-0.407790
 0.367327
 0.762185
 0.379098
-0.452666
 0.451931
 0.352348
-0.389948
-1.984406
-0.481983
-0.307773
 0.327288
-0.902764
 0.454907
 0.222321
-0.662516
 0.538785
-0.060528
-2.073215
-0.041180
 0.443317
-0.204180
-0.252953
-0.280878
-0.442025
-0.297854
-0.588096
-0.645334
-1.169810
-0.655331
 0.267057
-1.240899
-0.092806
-0.938735
-0.697914
-0.698171
 0.239780
-0.691085
 0.127306
-1.891235
 0.374895
 0.292416
 0.499905
-0.292773
 0.618466
 0.238981
 0.449013
-0.832610
-0.505115
 0.277676
-0.124852
-0.837441
-0.457007
-1.034218
 0.503962
-0.623869
-0.954658
 0.095616
-0.503560
-0.022930
-0.381699
 0.033210
-1.413146
-0.272331
-1.320937
-1.709094
 0.118495
 0.322153
 0.737022
-1.366046
 0.566870
-0.820173
 0.007063
 0.571187
-0.830650
-1.276680
-0.843360
-0.725720
 0.710552
 0.669002
 0.121196
 0.656512
-0.486080
-0.695948
-0.130927
-0.015673
-0.922819
-1.941004
 0.107057
-0.808312
-1.478217
 0.593904
-0.282388
 0.564288
-1.127760
-1.210318
-1.336170
 0.175828
-1.656772
-2.723575
-0.484534
-1.216724
-0.369636
-2.150812
-0.117996
 0.011889
-1.148705
-1.916374
-0.079597
-2.485625
-0.002017
-2.612980
 0.613687
-0.633012
-0.040744
-1.375554
-1.072082
 0.781344
-1.476914
-0.128426
-0.590475
-1.155581
 0.617628
 0.420879
-1.748998
-0.314395
-1.798673
-2.392669
 0.609140
 0.839237
-0.660989
-1.000782
 0.072629
 0.602853
 0.378085
-1.517120
-1.572852
 0.203710
 0.331223
-1.323716
-0.720542
-0.422145
-0.581105
 0.269789
-0.337264
-0.894886
 0.294680
 0.558060
-1.723668
-0.772906
-0.606603
-0.785745
-0.457629
 0.720369
 0.629936
-0.735707
 0.468838
-1.475825
-0.228052
-0.082717
 0.427642
-0.429092
-1.616226
-0.688868
-0.777853
-1.196270
-0.951753
 0.435481
-0.068877
-0.945797
-0.217348
 0.261805
-0.896818
-0.841105
 0.333850
 0.429963
-0.736978
-0.069981
 0.700802
 0.476310
-1.325095
-0.223045
-0.598593
-0.706020
-0.806445
-1.565021
-0.053957
 0.165349
-2.643520
 0.398322
-0.009193
-0.506995
-0.457429
-0.246952
-0.512824
-1.224420
 0.504413
-1.247298
-0.433865
 0.275128
 0.381098
-0.124064
-2.214612
-2.907772
 0.182686
-0.224620
 0.609864
-1.740451
-0.710528
-0.208778
-1.440741
-0.965990
 0.418120
 0.276539
 0.268948
 0.471712
 0.786900
-0.409894
-1.386354
 0.222984
-0.757739
-0.856885
 0.762631
-1.616695
-1.993145
-1.020970
-0.294943
 0.441685
 0.306557
-0.157107
-0.050986
-0.184485
-0.456282
 0.015101
-0.560237
-0.246379
-0.518461
-0.364958
 0.551867
-0.259819
 0.451148
 0.264233
 0.471222
 0.019057
-0.242554
-0.373209
-0.112940
-0.001590
-1.257834
-0.737360
-1.582274
-0.899278
 0.106985
 0.447638
-1.833654
 0.810162
 0.535195
-1.513203
-0.529464
-2.357675
 0.563997
-0.207278
 0.835688
 0.523774
-0.250293
 0.610517
-0.250863
 0.502989
-0.525577
-1.538312
-0.374635
 0.167727
 0.532395
 0.311084
-0.308086
-0.446512
-0.677411
 0.757494
-0.437527
 0.692031
 0.118615
-0.114626
-0.127134
-0.471475
-0.422016
 0.627318
-1.005331
 0.571428
-0.880443
 0.072417
-2.178365
 0.812543
-0.574613
-0.296689
 0.451772
 0.786544
-1.410750
-0.014575
 0.252519
-0.125152
 0.070254
 0.233234
 0.256461
-0.637164
-0.633288
-1.192357
-0.700109
-0.912014
-0.546433
 0.018166
-1.413717
-1.670251
-0.597389
-0.259850
-0.811778
-0.852292
-0.700201
-1.751185
 0.146598
 0.184939
 0.347661
-1.914368
-0.964366
-1.140129
-0.299336
 0.814700
-0.686080
 0.209416
 0.064090
-1.537652
-0.633328
-1.052749
-0.749726
 0.279800
-0.569250
 0.448816
-0.145168
-1.765634
-1.137839
 0.320618
-0.949631
-1.543764
-2.028739
-1.641654
 0.538328
 0.712923
 0.654640
-0.728362
-1.165980
 0.105017
 0.415217
-0.345336
 0.112413
-1.664496
 0.046287
-0.549224
-0.206311
-1.201624
-0.544342
 0.157162
-0.516578
-0.296737
 0.430121
 0.823641
 0.714966
-0.694039
 0.507783
 0.505074
 0.771515
-1.996165
 0.480084
 0.365376
-0.487424
-0.262060
-1.588396
-2.041318
-0.136947
-0.996380
-0.185662
 0.034407
 0.768779
-0.332211
-0.209766
-1.006590
 0.371848
-0.363807
-0.713753
-0.116351
-0.082088
 0.362616
 0.169954
-0.638031
 0.766081
-0.161175
-0.876732
-1.839242
-1.053685
-0.915235
 0.052960
-1.292913
-0.972246
 0.116866
 0.704261
-2.104376
-0.750119
-0.920303
-0.018894
-0.134707
-1.225176
-0.088805
-0.667273
-0.341680
 0.301931
-1.334144
-1.624542
-1.873658
-0.138181
-1.079801
-0.536153
 0.440765
-0.470602
 0.457065
-0.212167
-1.245986
-0.873015
-0.095628
-1.161148
-0.512496
 0.833820
-0.390368
 0.070137
-0.240297
-1.080664
-1.359808
-1.236640
 0.073728
 0.473404
-2.071730
-0.466239
 0.299487
-1.085054
 0.657563
 0.163449
-0.556732
 0.688279
-0.024186
-0.864383
-0.680309
-0.683653
-0.121090
 0.196594
-0.555545
-0.310503
 0.222453
 0.146199
-0.406275
-1.901743
 0.518240
 0.733016
 0.186398
 0.163610
-1.963887
 0.001009
 0.209714
-0.793362
-0.271500
-1.036653
 0.173508
 0.158789
 0.484280
-2.640302
-0.822304
 0.387017
 0.297865
-0.800593
-0.144749
 0.767833
 0.736122
-1.133193
-0.664074
-1.547374
-1.495177
 0.119579
 0.165076
 0.379277
-0.927536
-1.982816
-0.927286
-1.374525
-1.240937
 0.704246
-3.316010
-0.526248
-0.590894
-0.433061
-1.455423
-0.039281
 0.069922
-0.483832
-0.992666
-0.232071
 0.385467
-1.603388
-2.145194
 0.205570
-0.078666
 0.035595
-0.721177
 0.345693
-1.264184
 0.574031
-0.116422
-0.825387
 0.466490
 0.687486
 0.167430
-0.256742
 0.306784
 0.317886
 0.038885
 0.176931
 0.176484
-0.508940
-1.567115
-0.049566
 0.001610
-0.416836
 0.393898
 0.185179
 0.464879
-1.197984
-0.294517
-1.008850
-0.635088
-1.312362
 0.295093
-1.331914
-0.175309
-0.674077
-1.187819
 0.264391
 0.308395
-0.806059
-0.375949
-0.643964
-0.702710
 0.567799
 0.182593
-1.610720
 0.118768
 0.681796
-0.980370
 0.393351
 0.376206
 0.396569
 0.712170
-0.443326
 0.508594
 0.039033
 0.559939
-0.503117
 0.800015
-0.316719
-0.916142
-0.854314
-2.412669
 0.428592
-0.242299
-0.071265
-0.383385
 0.060089
-0.441105
-0.078193
-0.162005
 0.333576
 0.605329
 0.205386
-1.182050
-0.164027
-0.139513
-1.109171
-0.240565
 0.543254
-0.191974
-0.452809
 0.793507
-0.518601
-1.333976
 0.621694
-0.242892
-0.993527
-0.860507
-0.562611
-1.858874
 0.717458
-0.517432
-0.821640
-0.043925
 0.369100
 0.243829
-0.926635
-0.853033
-0.469532
 0.362707
-0.131361
-0.279459
-0.457855
 0.737663
-1.187539
 0.003386
-1.473698
-0.923156
-0.440931
-0.966776
-1.207451
 0.388928
 0.184276
-0.658585
-0.389025
-0.173965
 0.286343
 0.400791
 0.337187
 0.195529
-0.433492
-0.352126
 0.214499
-0.421024
-0.960198
-0.706744
 0.218451
 0.246186
-1.062635
-0.216373
-0.795752
 0.024199
 0.193955
 0.561282
-0.400345
 0.760036
-0.398747
-0.731283
-0.959931
-0.574413
 0.808705
 0.514638
-1.263969
-0.169893
 0.129299
-0.039095
-1.131338
-0.714636
 0.250727
-1.411515
 0.539767
-0.551421
-0.814948
-0.202372
-0.182094
-0.481936
-1.600009
-0.606310
-0.262890
-0.727767
-0.298359
 0.506249
-0.653978
 0.015896
-0.110166
-0.321510
 0.392148
-0.541998
-1.513386
 0.262150
-1.642191
 0.810053
-0.069726
-0.901496
-0.323884
-1.422085
-1.100462
-0.077920
-0.648749
-1.700435
 0.420842
-1.027637
-1.467323
 0.597966
-2.475487
-0.753646
-0.514599
-1.174266
 0.702392
-2.026526
-1.627467
-0.161671
 0.824135
-0.043330
 0.267700
 0.330346
 0.147497
-0.853518
-2.119261
 0.734007
-0.092745
-0.448243
-1.327599
 0.098399
 0.143273
 0.790236
-0.636063
 0.489373
-2.466676
 0.524267
 0.308625
 0.586702
-0.464104
 0.153650
-1.428066
-0.630553
 0.698495
 0.832563
-0.492301
-0.071036
-0.456552
-1.949192
-0.028530
-1.007451
-0.875682
-0.392348
-0.902944
-1.065004
 0.819534
-1.516272
-0.828648
-0.772871
 0.826100
 0.828239
-0.351632
-0.101139
-0.820033
-0.739657
-1.002881
 0.204869
 0.199188
 0.080243
-0.542371
-0.409166
 0.161370
-1.518005
 0.541051
 0.691187
 0.221181
-0.090584
 0.039628
 0.301971
 0.306624
 0.724856
-1.178723
 0.140478
-0.390996
 0.518791
-1.782060
 0.307958
 0.217841
 0.566668
-1.805233
 0.334505
-0.751455
 0.103315
 0.426247
-0.523303
-0.984997
 0.362936
 0.573030
-1.345793
 0.239820
-0.019198
 0.150578
-0.241597
-0.421611
-1.155213
-0.489825
 0.475647
 0.501704
-1.817325
 0.364897
 0.326740
 0.004371
-0.358129
-0.111158
-0.532498
 0.817899
-0.895216
-0.521654
 0.628313
 0.249937
-1.658040
-0.475561
 0.183450
 0.400646
-0.252126
-1.706383
-0.585297
-0.133112
-0.796780
 0.525415
-1.002918
-0.198491
-0.444832
-1.962565
-0.410411
-0.100208
 0.623446
 0.131569
-0.292504
 0.442635
 0.284068
-1.887527
-1.345940
-2.240627
-2.749194
 0.663666
-0.114234
 0.727210
-0.958864
-0.799129
 0.371559
-0.456539
-0.139554
-0.692508
-0.501628
 0.047969
 0.130621
-0.578815
 0.551160
-0.760390
-0.302958
-0.900025
 0.378811
-0.323194
-0.567337
-0.314847
-2.008578
-1.096670
 0.693561
-0.259902
-1.314828
-1.830744
-0.504833
-0.299027
-0.101094
-0.685572
-0.079693
 0.140803
-1.876093
 0.759624
-0.538848
 0.262703
-0.302104
 0.117351
 0.694074
 0.443999
-0.350086
-1.015735
-1.433139
-2.689844
 0.396398
-0.928068
 0.124332
 0.825794
 0.055489
-0.468269
 0.485883
-0.258683
-1.385084
-0.735082
-0.091116
 0.322490
-1.229939
-0.738421
-0.943981
-1.000536
 0.301211
-1.099780
 0.590205
-0.289895
-0.060527
-0.570797
-0.373556
-1.100886
 0.135108
 0.432276
-0.541753
 0.726136
-0.831886
-1.127868
-0.419361
-0.064730
-1.243617
 0.817803
 0.455868
-0.826747
-1.440126
 0.786695
-0.712996
 0.304756
-0.321277
 0.125895
-0.496291
-0.645332
-1.267813
 0.187717
-0.645577
-1.681755
-0.452987
-0.057330
 0.060835
-0.166203
-0.755205
 0.106728
 0.091526
-0.971590
 0.091522
 0.754122
-0.664540
-0.618897
-0.594103
 0.745712
-1.681335
-0.088608
-1.488341
 0.474644
-0.126758
-0.755477
-0.645876
-0.626173
-0.795796
-0.350249
-0.083771
-1.000906
-0.490050
 0.051356
 0.562233
 0.319571
 0.046293
 0.689445
 0.047187
 0.429571
 0.660177
-0.712309
 0.689422
-1.343128
-1.151081
-1.214248
-1.281221
 0.083377
 0.078782
-0.476073
-1.144633
 0.503110
-0.541285
-0.155397
 0.533573
-0.067044
-0.615343
-0.642820
 0.162206
 0.322406
-1.976593
-0.939168
-1.413100
-1.241594
-1.483809
 0.599117
-1.047494
 0.573705
 0.356121
-0.210096
-0.729675
-2.268955
 0.756805
-0.486737
 0.009632
-0.064507
-0.360987
 0.354799
 0.100985
-0.291324
-0.095415
-1.438067
-0.690437
-0.658068
-0.113018
 0.097848
 0.734405
-0.185761
-0.647480
 0.663782
-0.104470
-0.932718
-0.597636
 0.448521
-0.882825
 0.593491
-0.329214
 0.594597
-0.387307
-0.035636
 0.197075
 0.584796
-0.221716
-0.857013
-0.029930
-1.635548
-1.385595
 0.129276
 0.032636
-0.732210
-1.705143
 0.213619
-1.063039
-0.536113
-0.686763
 0.391762
-1.342772
 0.294376
-0.445615
-1.116728
-0.885879
-1.599336
-0.202169
-0.116560
-0.521228
 0.810344
 0.627677
 0.475149
-1.730233
-0.544082
 0.580375
 0.529398
-1.214924
-0.506736
 0.720772
-0.294767
 0.308972
 0.299128
-0.140032
 0.731352
-0.487048
-0.075588
-0.126176
-1.269188
-1.811037
-0.492543
-2.048850
 0.784947
 0.211833
 0.281105
-1.431542
-0.072351
 0.535678
-1.279120
-0.446512
 0.198043
-1.257616
-1.160652
-0.859073
-0.369198
 0.396709
 0.385051
-1.600497
-0.493260
-1.355349
 0.281368
-0.453529
-0.146270
-0.786874
-0.032552
-1.132972
-1.668068
-0.125321
 0.449276
 0.117366
-0.680677
-0.013273
-0.976235
-0.884586
-1.890765
-0.310641
 0.638145
-0.154318
-0.094950
-0.594544
 0.157753
-1.242912
-1.626004
-0.733514
-0.452390
-0.935969
-1.085416
-0.484748
 0.361932
 0.343246
 0.117252
-0.884670
 0.159728
 0.521262
-0.085225
-0.191821
-1.053387
 0.762550
 0.290454
 0.745355
-0.394726
 0.760905
 0.362740
-0.535331
-1.577439
-2.175374
-0.134318
-0.835896
-0.473722
-0.782681
-0.158739
-0.107524
-0.889661
 0.478678
-1.138348
-2.712811
 0.422031
-1.028597
-0.711632
-0.379024
-1.507148
 0.653462
 0.619099
 0.328767
 0.647266
-1.288439
 0.184003
-0.857831
-0.491198
 0.709831
 0.586539
-1.335564
-1.093565
-0.002545
 0.039383
-0.266480
-0.387526
 0.735947
-0.985749
-1.359823
 0.647745
-0.079928
-1.158112
-2.339923
-0.696431
 0.798713
-0.983213
 0.085812
 0.536751
-0.422338
 0.228981
-1.618517
-2.079501
-0.248557
 0.484811
-0.902580
-0.617598
-0.976875
-0.236538
-0.278829
-1.394915
 0.623743
-0.646279
-0.613977
-1.493013
 0.496475
-0.182754
 0.357781
-0.668621
-0.210919
-0.326348
-0.755666
 0.681552
 0.838631
-0.878697
 0.665404
 0.032537
-1.613655
 0.344281
-0.616421
-1.730537
-0.612657
-0.058308
-0.156551
 0.534179
-0.134228
-1.319164
-0.194863
 0.093788
 0.029700
-0.650765
-0.037006
-1.251783
-0.033838
 0.028264
 0.431100
 0.149012
 0.118061
 0.098650
-0.557772
 0.534926
-0.116866
-0.444472
 0.639168
-0.767553
 0.577215
-1.092049
-1.022000
-0.874030
-0.996899
 0.275766
-0.564452
 0.625204
-3.114263
-1.691934
-0.330025
-0.190950
 0.356938
 0.521653
 0.168408
-0.556447
 0.044973
-0.189508
-0.291059
-0.014775
 0.151336
 0.221817
 0.641472
-0.765496
-1.404975
-0.866405
-1.684958
 0.221467
-0.477546
 0.645932
-0.961474
 0.368048
-0.139371
-0.334035
-0.834148
 0.603194
-0.307090
 0.352033
 0.133219
-0.313227
 0.836064
-1.629646
 0.720582
-1.234817
 0.612719
 0.572969
-0.365770
 0.062598
 0.083469
 0.497404
-0.909647
-0.958908
-0.999196
 0.164285
 0.562536
 0.774686
 0.643355
-1.602478
 0.242416
-1.174767
-1.388940
 0.595532
-1.274194
-0.365769
-0.018436
-1.707071
-2.188312
-0.817332
-0.506054
-0.147980
-0.425566
-0.361222
-0.651884
-0.562311
-1.383382
-0.691925
 0.398609
-0.213991
-0.491674
 0.239655
-1.117466
-0.720021
-0.868193
 0.620352
 0.316566
-0.519647
-0.664026
-1.933263
 0.699893
-0.171327
-0.300640
 0.136763
-0.413954
-0.674229
-0.542986
-0.035198
-2.156306
 0.266401
 0.655271
-0.571580
 0.670486
-0.803601
-0.576111
 0.150323
-1.734623
-0.416769
 0.306970
 0.277870
 0.188312
 0.711008
 0.402782
-0.777767
 0.001461
 0.164431
 0.468316
 0.705183
-0.835512
 0.320687
-1.301096
-1.148478
-0.552114
-1.041590
 0.836349
-0.404581
-0.364199
 0.657151
 0.574508
-1.914482
-0.357396
-0.854566
-1.378477
 0.015627
-0.318162
-1.098048
-0.576463
 0.082835
-0.544325
-1.492673
-1.043414
 0.314731
-1.257394
 0.526287
-1.548224
-1.256578
-1.146679
 0.736623
-0.174511
-0.803596
 0.621710
-0.627053
 0.083085
 0.512866
-1.918783
-1.628385
 0.190852
 0.298057
-0.368307
-0.177198
-0.175978
-0.120093
-0.781063
-1.640059
 0.045851
-0.113841
-0.832502
 0.799792
-0.631924
 0.372799
-0.554157
-0.687203
-0.826396
 0.402894
 0.767416
-0.390585
-0.026745
-0.445473
-0.821908
-0.668453
-2.157762
-0.881866
-0.448409
 0.099935
-0.263859
-0.062428
-0.976043
 0.429214
-2.405365
-0.055896
-1.081192
 0.226924
-0.033699
 0.106145
-0.413861
 0.418018
 0.176572
-0.307828
-0.970803
-0.424210
-0.534457
-1.006585
-0.172998
-0.026908
 0.833569
-0.731180
-0.741781
-1.006919
-1.204073
 0.396268
-1.463780
-0.107418
-1.586651
-2.307893
-0.149407
-0.416698
-1.012597
-1.287712
 0.078809
-0.552491
-0.462125
 0.357491
 0.495822
-0.695551
-0.065759
 0.289966
-0.760412
-0.335668
 0.797611
-0.354865
-1.293321
-0.101811
-0.595784
 0.117276
-0.114699
 0.745163
-0.635988
-0.585542
 0.086091
-0.101158
-0.418401
 0.490092
 0.703430
-1.419400
 0.793412
 0.293470
 0.652308
 0.567850
-0.400071
-1.667558
-1.350780
-0.112624
 0.539086
-0.537706
-1.060740
-1.285079
 0.649171
-0.597918
-1.397932
-0.472266
 0.581964
